32415,32411,32417
49919,40888,49924,32420
816,833,835,830
837,831,836,817
1210,1181
37318,22089,107068,22100,37326,22099
3401,3403
32333,32334
24518,24549
10209,10217,10212
10213,10218
8049,8045,8047,8046,8043,8048,8035,7786,8037
23427,23540
40445,31995,31994,31999,31993
18520,18510,18516
27576,27578,27577,27573
239239,16640,54786
65132,18997
3332,3328
32102,32099,32096,32100,32103,32111
38572,38579
33559,33193,33551,33507,33140,33509,4634429738570515218,33553,33560,33556,33558
14231,14223,14199,14219,14224,14229,14233
14228,14225,14226,14220,14198,14218,14232,14234,14230
36947,36948
13205,13204
13310,13308,13223,13220,13211,13206,13207,13212,13311,13309,13333,13313,13329,13365,13312
13368,13332,13366
22055,37231,22058
29169,29159
18958,19055,19056,19053,18955,18957,18948
232821,232817
28434,28421,28419
38713,38719
37422,37421,37418
31912,31917,31910
360402,30660
23038,23037
3693,4634450448902786673,3696,3686,3689,4634450448902786674
3717,3714,3710,3708,3681,3715,3712,3606,178208,178151,178213,178210,3700,178165,3679,3674,3676,3678,178206,3690,3602,3657,3659,3664,3655,3663,3604,4634433303393340997,3680
179025,178814,178673
3695,3694,178200,3684,3685,4634433303393341031,4634433303393341027
3656,3652,3636,3651,3665,3658,3661,3654,3662,3692,4634445513985363473,3605,3603,3691,3699,178152,3688,39454,178147,3677,3675,3682,3713,3711,3709,3707,3716,178204,178199,178190
178691,178708,178045
11561,178689,178731
22651,22650
22646,22647,37628,22649,37618,37617,37615,37619,37620
40601,157425,157507,40603
8515,8521
26903,26865
22031,22029
20394,20421
28967,28975,11826,28972,28809,28964,28807,28801,28790,28805
20866,20993
20992,20865
32599,32600
21130,36972,21137,22039
306771,304295
38808,38809,38805
33352,33321,33303,33327,33328,33322,33350
9945,9934,9947
9913,25596,25598,9946,9933,25592,25593
22051,37220
32011,31481,31973,31475,32008,31985
38198,38222,38221,305248
32527,40648,32531,13509,26550,26559,13454,13466,13502,13508,13474,32299,32303,32302,26565,4634445904827410356,13560,26543,26533,26541,4634430533139457969
30471,30476
28216,28215
28213,28214,28210,28207,28208,28211,28212
9130,9173
21437,21436,37077
2496,22476,2498,290985
22574,22573,22475
18094,18092,18097,18095
27116,27119,27113
27110,27107,27105,27094
38367,38366,38368
1412,1407,1410,1413,1524,1416,1419,1414
1415,19572,1523,19571,1525,1418,20470,19573,19582,20490,1409,1411
16482,16485
1789,1794,1786,1787
37177,21961,37174,21967,21969,37178
37175,37176
27767,27765
2895,2894,2902,2912,2899
2903,8953,2900,2913,2904,2914
18001,17971,18002
4634445376546415013,8618,8581
4399,4402,4401,4389,4392,4391,4395,4398,4394,4385,4387,4381,4379,4383
4400,4403,4393,4397,4396,4388,4390,4384,4386,4380,4377,4378,4382
27282,27253
33324,33313,32475,33315,33326
33594,33593,33603,33595,33665,33661,33662,33664,33666
31671,31662,31642,31640,31641,31661,31663,31703
13226,13219,13227,13235,13228
30007,30008,4634459253585769781,30004
255220,255223,255221,256920,19399,255232
38467,38486,25253
17525,17531,17518
16889,16866
8611,8612,4634445376546415010
8550,8625,8555,8547,8543,8542,8544,8552,8548,8553,8551,8554,8549,8617,8540,8545,4634445376546415015,8616,8546,8539,8609,8541
4634450543392071823,8332,8333,4634450543392071829
6707,6705,6706,6703,6702,6704,6708,6711,6714,6710,6709
36548,36539,36536,36547
27517,27476,27477,27521
24328,24330
23632,23566
494606,49304,46589
18234,18225,18229,18232,18228,19302,19323,19297,19301,18249,19296,18246,18248,18247,18238,18244,18237
37157,37159,37158,37165,37160,21890,37156,21900,4634449538369737867,21644,21724
16033,16010
9633,3291
19774,19769,19772,23160
19771,19776,19780
13665,12337,12342
12341,12338,12339
38765,38766
28503,28489,28674,28664
8703,8705,8503,8507
24892,24895,24889
24896,24893
32208,32165,32091,32168,32209
6992,7012,6996,7027,4634450448902789971,6989,6988,4634450448902789970,6991,20758,7026,20750,7011,20695,20748,20667,7275
7030,7286,7294,7292,7276,7031,7028
32886,32752
22521,22482,22484,22519,22483,22520,22524,22523,22528
31042,31080,31039,31038,31040,31041
31676,31680,25712,25663,25710,31675
29788,29789,29443,29787
26571,26246,26568
8781,8790,8789,8769,8770
37579,37450,37548
21498,21506
1139,1136,1138,1150
1137,1144,1135
167756,167869,167706
4634432800882174795,11141,11138,11149,11147,11077,11140,11075,11079,11076,11078,11081,11082
10501,10500
26949,26918
22423,22424
13545,13553,13554,13551,13550,13552,13549
27771,27792
38813,38804
2506,2495,2513,2510
2507,2500,2511
19950,19949,265549
313001,313002,312986,312867,312985,312996
6379,6372,6363,6376,6388,6391,6335,6329,4634448086670776541
6334,6366,6336,6367,6392,6381,6389,6371,6377,6332
24093,24060,24055,24059,24088,24062,24091
36518,20411,20410,20252
22945,22948,22947,23018,23021,22946,37696
26750,26752
10624,10633,10628,10630,10622
26757,26759,26754,26755,26756
26758,26760
10385,10383,10566,10581,10569,10585,10568,10629,10634,10587,10625,10579,10582
10575,10384,10565,10382,10580,10584,10567,10586,10578,10583,10573
10631,10577,10627
26753,26745,26751
39819,39817
18130,18171,18150,18133,18172,18164,18165
30658,30652
30580,30573
9648,9518
24909,24917
26789,26794
26838,26788
6448,6453
19674,19828,6457,19833,19675,19673
4634449920621925332,119758
37386,37388
26426,26440,26427
8494,8456,8487,4634445879057588515,8435,8438,4634446149640528177,8496
29136,27920
37431,37434
16935,16934,16939
29911,29899
20139,20099
38447,38446
39603,28426
7644,7645,7632,7643,7630,2092,7620,7619,7634,7621
7646,7647
2074,2079,2081,2075,2084,2077,2088,2090,2087
2076,4634438796656511017,2085,2086,2078,2091,2083,2082
27924,11570,27925
27926,27933
8765,8777,8767,8776,8766,8773,8772,8774,8778
11504,176812,11501,11503,11502
25245,25244,25259,25249
19991,19987,19986,4634439449491557913,19989,19995
62436,18561
29960,29955
29959,29958
20635,20186,20634,20636
13198,13189,13192,13197,13195,13191,13144,13142,13188
22566,22569,22567,22568,28386,28404,28388,28389
290721,290718
32945,32942,32944
11248,11250,11249
18471,16146,16148,16147
28483,28507
28905,28901,28906
19105,19106
31340,31337
21411,21408,37110,21409,21360,21362,21366,4634465111921152884,21367,21365,21361
22108,22107,22106
6440,6424,6444,6423,6439
6441,6427,6425,6445,6426,6428
19333,19335
13911,10839,10837,10838,10840,13912,13914,13916,13915,13913,4634432740752635486,10814,10816,10812,10836
10815,10813
37429,37410
21834,21725
37514,37510,37513
24132,21102,24133
13691,13675,13687,13684
13686,13667,13681,13674,13668,13676,13666,13680,13700,13690,13695,13692,13693,13714,13701,13703,13702
11732,8242,11733
19854,4634458274333216148,4634456496216755609,19873,19869,19870,19861,19857,19818,19850
20894,20899,20909,20911,20903,20885
19851,19859,19864,19874,19868,19871,4634456491921788310,19856,19853
20892,20890,20895,20905,20912,20907,20900
26679,26675,26678
32621,32628,32622,40685
32627,32626
28715,28683
2424,2319,2318,2320,2430,2425,2426
19310,19309
24789,24634,24790
15266,15267
32618,40690
13594,13599,32642,219060,13593
28242,28776,28774
37327,37342,37339
28442,39608
28445,28451
24324,24325,24266,24322,24299
27153,27175
32780,32777
20981,20978,20974,20977
37251,37214,37250
38780,38779,38786
28582,28330,28581,28589
29079,29036,29076,29004,29000,29071,29018
29035,29070,29090,29078,29003,28999
13570,13563,13561,13556,13557,4634448151095293178,13564,13555,13566,13567,13565,13569,13575,13573,13571,13572,13574,32650,13598,33251,33249
32935,32934,32936
32955,32954,32952,32957,32953,32956,33092,33089,33091,33090,33093,33088,33087,33086,33099,33094
37282,37264
25881,25893,25890
13243,13241,11914,29133,188632,13246
29820,29833
28723,31381,28735,31382,28734
38543,46214,38542,44853,46210
32960,32962,32939,32926
32558,32537,32564,32516,32561,32515,32557
19908,19909
21562,37139,37138,21561
5448,5442
39508,39511
35522,17968,35528,35525
9389,9390
9919,9921,9922,9923,9920
9938,9941,9924
4344,4346
4345,4343
32884,32874
26991,27048
348172,348168
348173,340199,348171
4076,12647,12648
199176,199206
199184,199188
199177,199161
199210,199207
199215,199208
4075,12650,12649
357385,357392,357397,357398,357384
357387,357386
30151,4634447983591567718,12645,357328
12032,12694,12709,12698,12696
4074,4073
28401,28400
28398,28399
28393,28392,28397
40967,40968,40969,40966
17945,17947,17942,17929,17948
25404,25433
25434,25432
38556,38568
285793,288586
4634438800951483764,4634438800951483670,7552,7553,7555,7554,7548,7545,4634438800951483766,4634438800951483770,4634438800951483765
9437,25014
9436,4634460932917961944
32404,32402
27121,27122
11516,11526,11517,11522
11521,11518,11524,11525,11523,11528,11549,11550,11527
2415,2413
2409,2414
23078,23084,23082,23077
37576,22570
23782,23790
23778,23783,23781,23517,23519
18055,18060
194454,29578
4634448172570156843,39857,4634448151095320331
22077,44661
36970,36962
30511,30509,30645,30665,30664,30644,30643,30510,30508,30513,30512
22204,22133
37167,21962,21976,37170,37166
23412,23414
32930,33418,32932
9118,9125
13597,32664,13606,32643
20889,19933,19939,19936,20886,20888
20819,20815,20817,20813,20882,20883
20820,20812,20816,19937,20880
20881,20884,20887
8955,8934,8937
8936,8933,8939,8957,8938
32680,13632
22594,22545,22592,22596
13165,10011
27155,27157,4634432388565330452,26599,26600,27150,27152,26601,26594
27137,27134
314102,314754
15695,4634447627109285194,15698
20328,21145
9729,9727,9726,9728,9730
17982,17994
11299,11293,11296,11297,11298,11292
11251,11310,11253,11252
27548,27558,27546
27600,27555
10940,10941,10946,10950,10945
25637,25636,25633,25632,25635
13927,13971,13930,13928,13929,13932,13961,13959,13931,13970,13972,377312,13926,377304,33286,33290,33287,377299,13922,377311
33030,33029,33031,33100,33158,33104,33108,33107,33032,33198,33214,33200,33192,33197,33191
7141,20896,7133,7158,7157,7179,7200,7199,7202,7201,7178,7177
22183,22162,22181
13791,13793,13768,13789,13776,13771,13774,13764,13761,13763,13766
13767,13762,13760,13765,13790,13769,13788,13772,13792
33388,33404,33401
4634435098689695003,27895
39183,39182
32328,32327
32379,32329,32393,4634439118779069660
578,574,577,580,579,587
572,575,586,576,573
20686,20557,20559,20558,20691,21003
20685,20560,21002,20690
24190,24189,24188
36987,36983
227702,14000,14001,14005,14008,227703
14006,14004
13939,13942,13933,13934
26854,26851
26981,46860
27323,27322
25505,25471
11532,11540
27774,27780
11468,11463,11415,11469
2888,2892,2890
2889,2891
2776,2805,2777,2781,2809,2808,2818,2814,2816,2881,2878,2883,2813
2811,2775,2780,2812,2879,2884,2880,2882,2817,2815
19960,19952
20918,20919
20917,20916
19956,20920,20923,20915,20921,19957,20926
23826,24618,23821
23714,23812,23712
30427,30543,30541,30545
31044,31043
3442,9889,3440,9881
9898,9878,9876,13091,9877,13092,13093,9882,9884,9887,9890,9885,3421,3418,3437,3436,3438,3422,3439
24013,24015,24011,24010
24014,24009,24012
24605,24611
33476,33478,33497,33475
24209,24135,2934
31032,31053,31030,31031,25460,31029
26048,26045
6630,6592
6665,6669,6637,6653,6641
4634448284239286420,6668,6671
6638,6581,6635,6629,6636,6651,6664,6654,6639
13459,32300,13473
331258,331180
25036,25038
375912,223950
37448,22460
18243,18241
18307,18240,18239
27063,27065
28087,28066
31889,31726
44165,44164,446574
10861,10799,10795,10797,10858,10802,10859,10860
10793,10794,10792,10801,10796
20140,20149,20144
9775,9778,149689
9779,9777,149683,149679
12787,12790,12786,12789,12791,12794,12811,12793,12292,12300,12133,12291,12294
3057,3050,3048,3049,2999,3059,3051,3056,3052,3058
21301,279022
21306,21302,21349,21352
24688,24690,24696,24689
47191,27292,27291
20874,20875
27921,29148
26986,10367,26768,26985,26763,26984
4634458897103480914,26762,26708,26707,26761,26703,26705,26748,26749
992,993,997,995
4634434621948298210,996,991
26848,38931
300701,130149
7723,7734
30618,29925,29923,40214
22001,22000
11042,11036
11032,11057
11053,11037,11040,11054,11055,11033,11058,11030,11052,11046,11015,11049
11044,11047,11051,11048
33380,33379,33381,33390,33391,33382
32666,32662,32663,33366
9693,9914,9907,9692
2958,2951,2955,2965,2968
2953,2950,2967,2957,2964,2966,2959,2954
710,714,713
715,711,712
7954,7956,7959
37235,37164,37248,37238
1200,1204
1201,1199
37236,37245
33482,33451
32148,32120
33280,33278,33279
7970,7972,4634449864787238714,7973
7923,7924
7969,7926,7966,7950,7963,7967,7949,7968
27198,27196,27195,27129,27125,27130,27135
19086,19111
30738,30736
30728,30729,30730,30723,30722,30726
30725,30724
4374,4376
26261,26254
39444,39442
22166,287228,286318,287225,22160,22156,22157,22161
25753,25754,25752,25749,46420,25746,25747,25745,25750,25722
11621,11613
310,314,311,313,312
32463,32460
1911,1912,7150
29257,29258,29239
29601,29591,29603,29599
39572,39574
37279,44660
32198,32197,31963
22645,22657,18338,18343,18339,18342,18332
40789,40787
29834,29848
25491,25492
25495,25497,25493
38596,38594
23795,23799
31584,31350,31586
10602,10638,10640,10635,10685,10689,10664
7764,8015
8005,8014
24408,24410,24414,24409
9156,9147,9146
1951,1944,1946
21125,21118
2186,2196
2008,1943,1956,2007,1954,1950,1952,1945,2176,2012
2185,2183,22004,37196,2180
21049,21048
2010,2005,2009,2006,21047,1955,1953,21119,2011,2174,2177,2175,2013,2179,2182,2181,7820,106200,2184,2178,106201,7825,2187,7819,106202
3285,3288
3283,3286,3284,3289,3287,3166,3164,3281,3280,3225,3165
11488,11496,11492,11489,11491,11493,11494
12543,12540,12542,12544,12768,12765,12546,12767,12769,12545
13299,212493,13290
13291,13300,13286
46950,46661,46662,46951
8237,8235,8222,8236
19691,19690
358116,200763,200766,358163
11753,11751,11750,11752,11790
7894,8132
8131,7896
23935,23324,23930
23322,23323
8040,8038,8061,8057,8098,8108,8063
8107,8039,8056,8064,8062,8052,8099
31919,31952,31916,31914,31918
13234,13232,13230,13224,13231,13233
2465,2469,3803,2466,2460,2455,2463,2457,2499,2461
2459,2462,2467,2471,2472,3805,2468,3813,2470,2503,2458,2464,2456
12344,12349,12318,12324
12345,12347,12348,12346,12343,4634444281329758243,12325
33331,33294
639,633
19914,19913
2536,2531,2534,2537
2532,2535,2533
2515,2519,2520
8240,2539,8241,8238
33301,33297,33302
431,1323,434,1325,432
1324,1321,1320,1322
37275,37270
30856,30868
48767,30855,362354,48764,48766
14062,14057,14063
25450,25454,25453
24933,24902,24904,9344,24899
24927,24926
10328,10309,10330,10329,10310
24891,24916,24894,24931,24903,24901,9341
26698,26700,26699
4634446205475117187,22660,22658,22662
16314,16306
20825,20824,20893,20891
27590,27607
21973,21971
32322,32317
28670,28669,28672,28671,28693,28701,28702,28688,28692,28687
24969,38361
166507,10978,4634432410040150760
4634432410040150801,11026,10985
11548,11547,11529,11541,11546
9336,9335,9339,9338,9337
4634435455171971458,18816,63725
323037,368307,368311,323035
19584,19594
19564,19513,19510,19512,19522,19555
21229,21311,21231
21178,21162,21144,21167,21192
24225,24207,24224
25199,25192
37135,281096,281094
18797,18765,18767
16117,16121,53106
16912,17374
16904,16911,16903
29176,339322,29173
9553,9588,9595,9592
9593,9556,9596,9591
131057,23713
310940,24967,310944
18098,18101
24577,24576
100029,100030,44377,447641,447640
38758,38759,38480
23341,23958,23336,23340,23331,23333
28276,28278
28305,28307
28270,28313,28267,28262,28269,28272,28274,28264
28275,28273
20543,20671
39899,39930,39929
18017,18005,18004,18018
12792,30461,30504,30514,30503
14267,14251,14250,14256,14268,14270
14261,14266
26747,26719,10353,26733,26744
373858,373852
28279,28286
3847,28532,3844,28534,3846,3845,28531,28288,28285,28290,3852,3851
28535,28536
28289,3850,39623,3842,39619,39622,28533,39624,28530,3848,341767,28287
25363,25360
23487,23490,23495
32553,32556
22196,22197,22175,22195
29416,29417
30310,30308
9969,9974,9972
9973,9970,9971
16035,16038,16034
17574,17567
14159,14156,14152,14147,14122,14143,14154,14158,14121,14162,14166,14164,14161
14167,14193,14185
14184,14111,14168,14160,14155,14157,14149,14153,14165,14142,14123,14146,14144,4634453683013171012,14183,14186
14203,14206,14212,14205,14204
2266,2261,2260,2263,7887
2275,2273,2274,2262
13100,13101,13139,13137,13095,13094,13098,13097,13099
31758,31764
3460,3458
9888,4634448988613912231,3457,9897,9891,3446,3445,3456,9886
3455,3459,9883,3451,9892,3449
3452,3447,3450,3453
9894,3454
3448,9893
253533,19261,19184
371038,32496
32385,32387,32519,32386,32489,32492,32490,32487,32494
3419,3411
26925,26908
26668,159027
9987,9985,9986
39813,29548,12150,39801
10001,10003
9954,10002,10000
23116,23136
21740,21812,21741
27959,27956
24828,24835,24829,24803,24801,24802
11222,11220
11216,4634445075898706901
11237,11232,11234,11236,11235,11233,11228,11231,11257
11552,11551,11553,11555
9631,9627,9629,9619,9624,3292
9632,9628,9623,9630
21059,21061,21060,21073,21069
18781,18776,18777,18744,18751,18783
26693,26692,26690,26688,26633,26631
29902,29900
9202,24530
11256,11254,11255,11267
13635,13640,13638,13296,13629,13289
13644,13639,13641
13253,13249,13251,13287,13272,13280,13293,13631,13297,13292,13288
13277,13271,13269,13270,13273,13248,13274,13278,13279
775,771,773
774,770,772
39745,39746,39500
26525,32297
26451,26466
22098,24980,25039
3727,3724,3764,3767,3762
3976,3971,3973,3978,3968,3963,3958,3961,3960,3967,3969,3956,3941,3948,3943,3947,3950,3945,3952,3954,3957
3966,3972,3977,3974,3975,3970,3965,3962,3940,3949,3946,3942,3944,3959,3955,3964,3951,3953
3723,3726,3725,3763,3771,3765,3766,3728
38244,38241,24229
5793,5323,5329,5330,5794,5328,5327,5325,5324,5326,5331,5321,5319,5322,5333,5334,5304,5302,5300,5301,5299,5320
4634456917123550593,19839
19628,19829,6446,19802,19627
3373,9733,3368,9732,9736,9731,9734,9737
247212,18189,18145
15313,15391
648,646,652,654,650
651,647,649,655,653
61452,5503,61510,61509
5488,5490,5491,61451
483,486,1471,485,480,482,477,474,479,4634431014175769049
484,571,481,476,475,4634448842585014750,472
37870,37868
37566,39578,39577,290230,290219
378408,378386,378401
41671,237959
13589,4634439213268350218,13585,13583,13581,13584,13587,13987,13956,13958,13990
13586,13582,13590,13588,13963,13995,13988,13991,13989,13960,4634449972161427116,13957
37213,37206
31373,31383,31352
37205,37241
22069,37267,22068
17979,17980
38356,38354,38355,38372
38795,25647
19922,19923
38223,37018,37021
6167,6170,6163
6198,6169
12484,12434,12430,12443,12429,4634436172431503555,12500,12578,12558,12574,4634436155251634374
12485,12477,12451,12426,12452,12427,12444,4634436116596928706,12502,12487,12501,12580,12556,12573,12560,12570,12577,12555
38506,38504,38505,38509,38515
7328,7417,7329,7321,7345,7323,7322,7325,7339,7296,7340,7347,7343
7324,7326,7344,7336,7342,7320,7319,7295,7346,7414,7415,7315,7416,7327
15884,15864
276903,21096,21097,36966,276899
7086,1874,7087,1883,7091
20842,4634408770540163424,20841,7089,1878,1877,7090,1882,20840
30001,29994
29997,29999,29991,29995,29989,29990
142530,9379,142524
3116,24957,142520
5691,18857
19249,19227,19250,19248
21039,21034
22167,22165
9652,9658,9654,9659,9653,9650,9656,9651
645,642,644
33282,33312,33305,33345,33289
23023,23031,23022
29110,11905,29124
27452,11295,11291,27458,27453,11190,27451
11290,11301,11294
33187,33188,33159
31951,31925
30914,30912
37468,37483
37490,37455,37544,37546,37454
9880,9874
18312,18310,18314
18277,18268,18272,18216,18219,18220,18276,18271,18279
486362,314940,486369
212828,32192,212840
13699,13734,13737,13736,13739,13740,13738,13694,13697,13696,13698
118729,4634460245723303873
28439,28437,28438
23772,23769
9772,3388,3385
3386,3387,9773
4634451337961023540,26662,10294,26661,10293
38881,38909,38880,4634451337961052159
4342,4339,4340,4334,4337,4331,4338
4333,4332,4335,4341,4336
21079,20961
32480,32479
37509,37527,37504,37502,37508
31075,31074
7836,7834,7839
20569,20572,20570,20587,20583,20586
9502,9523,9501,9524,9522
8474,8472,23108,8441
37549,37499,22458,37547,37550
21066,21076,21064,21065
2334,2337,2338
12858,12857,12860,12856
12900,12888,12901,12863
12892,12862,12887
13239,13237
13240,13236,13238,13242
11806,11867,11811,11841,11845,11814,11816,11813,11809,39636,4634459253585751588,11866,11817,11842,11815,11844,11810,11807
2432,4634452604976368002,2449,2473,2437,2440,2445,2439,2443,2427
2428,2429,2433,2431,2442,2441,2438,2448,2447,2444,2446,2474,2450
2485,2483,2486,2490,2492,2488,2494,2480
2493,2489,2491,2479,2484,2487,2482,2478
30470,29530,30469,30472
30585,30480,30481,30586,30578,30579,30479,30482
23499,23504,23498
23488,23489,23485,23474,23476,4634464287287434174
38474,38466
30425,30413,30424,30426
38705,38711,38610,38609,38702
2311,3168,2312,7991
27787,27807,27753,27783,27752
10289,10290
9480,9479
25081,25082
4634446510417776859,4320,4323,4321,4317
4319,4297,4294,4316,4318,4322
879,881
878,877,880
33394,33386,4634455950755922547
21188,21216,21217,7457,21205,21213,21204,21214
7531,7532,7537,7535,7527,7528,7518,7529
7534,7536
21428,21431,21368,21435,21369
29727,29712,29709,29725
2393,37437,22425,22426
287686,2412,2398,2411,2399,287698,2406,2408
4634445982136824236,29099,29130
19030,19029
33330,33334,33333,33356,33358,33357,33339,33337
22781,22665,22778,22780,22779
28886,29555,29554,29557,29556,28878,28876,28877,28865,28863,28867
9820,9816,9818,9819,9817,9814,9815,9799,9813,9846,9821,9849,9847,9848,9850
29676,29701,29672,29673,29671
21739,4634445513985641473
9682,9684
9683,9687,9685,9680,9668,9681,9662
4634441334982182643,1785,1780,6998
1702,1535,1527,1529,1699,1701,1706,1708,1704,6899,6892,6896,6902,6879,6877,6888
1530,1528,1698,1534,1700,1526
7017,36692,7265,7239
7237,36690,7014,7240
1734,1729,6900,1726,6905,1707,1705,6878,6893,6884,1703,1735
1732,1739,1737,1778,1727,1728,1709,1730
1740,1772,1738,1736
8166,112329,8176,8167
8164,112354
8170,8172
8177,112399,8171,8174,8178
4634454709510354479,13823,13826,13824,13862,13867,13860,13822,13747,13812,13749,13883,13878,14187,14191,14189,14179,14171,14182,13885
13805,13721,13861,13750,13748,13827,13813,13859,13879,13863,13873,14170,14190,14188,14180,14172,14181,13884,13882,13886,13880
14132,14134,14118
14112,12879,12882
14117,14113,14131,14116,14114,14115
23382,23392,23384,23381,23379,23380,23383,23377,23375,23374,23376,23378,23373
38566,38564
32484,32501,32482
9720,9752,9753,9719
6961,6969,6970,1751,1747
6960,6952,6907,6948,6957
6965,6962,6964,6974,6966,6968,1749
6951,6956,6955,6908,6910,6909,6922,6950
27905,27906,27907,27904
25297,25570,25350
38588,38578,38589
32044,366850
17447,17711
34793,34789
29938,29926
17478,4634450663651165818,18035,18036,17921,17482,18032,18068,18072,18071
9722,9723,9724
205706,205701
205659,205698,205664
30688,30690,30689
205715,205711,205712
205672,205650,205666
205682,205678,205677,205670,205671
10998,11001,27313,11000
429,430
25876,25885,25882,25868
36994,36942,36853,36995,36993,36941,36852
36849,36843,36850
21573,21575,21030,21568,36887,36866,36894,36858,21027,21026,21029
24079,23400
36502,20280,20304,20357,20300
10008,10015
10014,10013
25761,10007,10009
13419,13425
13411,13426,13408,13424,13409
13516,13479,13478,13515,13517,13528,13520
13444,13418,13416,13415,4634433977703216233,13442,13443,13412,13413,13427,13414,13448,13446,13452,13451,13453,13445
9949,9910,9943
11587,11590,4634435373567585608
11589,11585,11591,11586
7659,21537,7660
29164,29168,29165,29156,29154,29163,29152
29166,29167
4634450994363658721,4634450947119018467
4634447648584117646,11642,11640,11636,11631,11619,11617,11608,11582,11599,11597,4634449894852013395,11616,11627,11630,11634,11638,11657,11659
11656,11641,11635,11633,11628,11615,11614,11602,11596,11581,11598,11612,11618,11629,11632,11637,11639,11661,11658
29840,29847,29841,29844,29849,29842
9031,9028
9029,9032
25215,25206
6538,6549,266016
8845,23904,23905,8858,8842,8834,8841,4634465034611729036
20747,20755,20752,20749
22561,22565,22563,22600,28453,28454,28452,22548
19457,19442,19438,19443,19436,19463,19474,19460,19486,19720,19479
19422,19417,19428,19355,19416,19418,19377,19433,19432,19430
40420,48965
4634441356457044825,27479,39280
10432,26785,26784,10397
4634464605115030135,27816,47565,47630,39541,39518,27819
24712,24711
30023,30035,30050,30049,30034
32772,32693,32695
27953,27955,27951
5599,5594
37306,37221,37305
38427,38431
843,841
13301,13628
13360,13298,13302
27225,330009
38592,38757
22604,22603
27713,27703,27708
27879,27878
22095,22097,22094,22096
9714,9740,9742,9741,9721,9725,9716,4634445591294780918,4634438319915148789
23224,23222
35413,17511
252797,252821
32293,32294,32260,32262,32261
1587,6407,6406,6404
6405,1583,1586,1585,6397,6398,1584
6402,6403,6399
19961,23303,19947
28126,28121
32276,32272
9469,9467,9468
37533,37534
3185,3241,3188
3189,3183,3186,3187,3192,3184,3190,3243,3244,3191
8565,8319,8338,8563,8336,8337,8320,8331,8318
27306,27319,27316,27304,27330
90439,36660
17453,17449,17452,17454
13052,13056,13053,13069,13057,9843,9833,9834,9832
27886,27860,27862,27863,27861,4634432414335134956
17781,17787
41522,4634450062355742213
7754,7749,7752,7759
11507,4634441231902977269,11505
4634441231902977266,11511,11508,11510,11600
11498,11500,11497
28478,28477
970,883,884,983
975,984,969,882,885
26295,25624,26293
9688,9691,9689,3322
38494,3327,3324
3321,3325,25275,3319,3318,25274,25272,3326,9690,3323,25273,3320
7848,2249
2232,2229,2236
3106,142521,3103
33471,33431
29139,29147,29137,29144
367933,367926,40523,40440,40527,367927
33591,33586,33590,33584,33585,33582,33579,33583,33592
24346,24357
9454,9503,3195,9455,9453
2421,2423,2422,2420
39837,39830,39836
29356,29355,39822,29357,39832
27364,27366,27365,27361,27363,27362
16593,5104
22150,22132
21559,21534,39389,39390,27756,27757,27755
4634449435290521532,20432,20414
20426,20416,20418,20434
24613,24693
13421,13420
13185,13183,13186
13392,13393,13394,13390,13391,13388,13387,13389,13182,13385,13181,13386
26966,10535,10534
12851,12854,12931
12853,12850,12927,12852,12855
719,717,721,723
718,722,720,716
37243,37207
19875,19877,19763,19756,19764
13601,32655
32653,32657,13600
28476,28470,28468,28469
28908,28912,28911,28907,28789,28902
231618,33663
21735,21733,21734
23396,24077,23397
25571,319256,25588
17910,17901,17908
29375,29376,27603,27605
3219,3218
3199,9505,3200,9506,3205,3202
3208,3201,3214,3216,3207,3212,9511,3213,9517,3210
28500,28450,28501
23190,23191,23184,23186,23183
23056,23055,23189
23187,23185
11204,11203
11137,11133
9227,9232,9231,9238,9240,9239,9233,8798,8848,9226
8918,8924,8926,8917,8919
24076,24106,24071,24065,8943,8930,8925,8929,8920,8931,24064,24068,24074,8927
24990,24986
484518,24412
11124,11109,11113
25040,25041
21131,21135
17569,17754
31670,31672
24761,24759,24869,24868
13213,13218
37552,37543,37553,37555,37551,37556,37554
19247,4634446729461123891
29298,29296,11965,4634452278558863038,349065
25413,25411,25412,25414
33587,33573,49829,33569,33574
1021,1016,1019,1024
1020,1017,1018,1025,1022
28520,28510,28523,28680,28521
20537,20535
20538,6942
222610,32883
366731,32082,32077
37237,22022,21814,37234
10482,10485
4634457136166873332,10483
195589,4634444998589808192
26871,26878
38949,26959
8500,8501,8495
9939,9925,9940
9926,9942
10108,10110,10101,10105,10097,10106,9916
10098,10115,10107,9917
9012,9013,135812,9009
9097,137488
9099,9034
30305,30306,30303,30304
29420,30325,30322,29414
36447,36446
26430,26531,26431,26432
32038,32079,32037
27072,10464,27071,27068
27073,27074,27200,27120
10436,10437,10440,10444,10461,10460,10462,10443,10441,10439,10433
38347,38233,38344
39643,39639,39642
20305,20361,20358
30397,30393,30395,30396,30391
19005,19023
13595,13603,32652,13604,32659,32634,13596,32632,32633
11280,27599,11283,11319,11284
27537,27535,27538,11274,11285,11278,11262
13630,13622,13633
49141,49655,40716,212078
40479,40485,40484,40477
40726,40722
23171,23175
23153,37861,4634429158749919877
13492,13493,13491,13494
13548,13375,13347,13381,13543,13541,13544,13496,13498,13546,13497,13495,13547
13377,13376
372845,372934
10222,10203,10201,10204,13513,13512,13519,13518
32446,32451
16906,16908
7936,2299,7939,7935
5007,5004,5008
15985,16055,16050
11470,11466,11472
101781,4634438800951577971
11454,11455,11452,7574,102057,7561,7562,7564,7558,7557,7560,7559,7563,7571,7572,11393,7583,11398,7570,173738,173650,173745,4634435279078304911,175704
4634435279078304912,7573,11396,7579,11394,11399,173743,173651,173739,11456,175756,175703,4634448554822381269,11457,11464,11467,11465,11471,11459
48977,40454,40511
8622,8624,23243,8623
19890,6486
6496,19901
6493,6487,6489,6495
6494,6488,6491
16303,16302
16301,16299
19552,19088
4943,4944,4942
1373,1408,1402,1400,1404,1376,1385,1381,1388,1379,1392,1389,1396,1375
18773,18769
1356,1343,1348,1352,1350,1355,1354,1346,1345,1341,1342,1336,1246,1332,1337,1335,1331,1247,1339,1357,1360,1363,1359,1397,1399,1403,1401,1398,1406,1405,1393,1395,1394,1390,1387,4634393987262711151,1377,1374,1368,1370,1380,1378,1383,1384,1382,1386,1367
1364,1362
22648,22732,22661
30318,30317
30368,30354
38196,38201
3108,2922,2933,2936,2935,2921
38462,38457
37142,37068,37141
27104,27061,27082,27124,27117,27106,27118,27201
28584,28295,28583,28587,28585
20397,20355
564,570,563
569,562,561,568
47920,47919,47921
9616,9625,9618,9620,9617,9615,9621
20935,20933,20934,20972
5368,5378,5379,4634437679965017337,5382,5367
27171,27057,27170,27060,27058,27166,27180,27173,27179
360572,30687
30678,30563,30679,30680,30685,30681,30686
22429,22414
38364,37227
9825,9789
9826,9790,9822,9827
149978,9802,9806,150649
901,940,930,937,936,952,950,956,954,959,12671,958
902,951,953,957,960,955,939,938,4634448894124622773,4634448894124622759
33473,33467,33457,33461,32963,32961,33456,33472,33474
33555,33548,33549,33526,33525,33527,33523,33518,33521,33522,33520,33519,33514,33517,33524
31009,30989,30993,40390
28329,28332,39652,28784,28331,28294,28282,28327,28277,28280
33344,33343,33342,33341
20688,20861,20566,36688,20859,20860
162227,162232
7419,7802
7833,7855,7418,7422,7803,7801,7421
16803,16805,16773,16834,16770,16776
17271,17288
18506,18495,18511,18508
40441,40528,367871
6650,6615,6614
21317,21196,21309
7913,108264,7920,7915,7912,7931
7925,7921
26843,38926
24599,24628
4634447893397254700,12842,12843,12839,12134,12840,4634447893397254697,4634447803202941488,12846,12847,30614
23844,23839,23846,23829,23832,23830,23843,23820,23845,23774,23773,23776
30468,29500
11960,11958
4634464931532517090,11975,11977,11978,11976,11973,11963,11971,11967,11961,11959,11962,11974
7218,7217,95077,7213,7212,7216,7214
7210,7211,7205,7206,7204,7203
39175,39451
27445,27450,27446,27444
18350,18355,18349
18357,18356
37277,37292,37276
19122,19125,19123,35852,35850,19119
6543,19147,6542,6540,19137,19143,6546,6619,6661,6662,6624,6554,6548
6621,6663,6623,6660,6625,6622,6558,6620,6559,6618,6547,6557,6555,6545,19140,6541,20025,19141,19142,6544
22806,22808,22799
22803,22797,22798
22825,22792,22824,22826
22788,22790
22842,292955,22843,22844,292954
22816,292951
22859,22848
22964,22861,22863,22969,22963,22981,22977,22975,22970
22968,22971,22864,4634439264807967157
26275,26273,26280,26282
25718,31639,31655,31638,25711,31649,25726,31652,25717,25716,25719
28045,28762,28044
12144,11995,11990,11993
11996,11994
29269,29346,29270
10756,10760,10224,10219,10755,27139,27022,10752,27018,27021
18779,35768,18782
4634446012201572936,6723,6716,6719,6718,6720,6717,6722,6721,6726,6724,6725,6727,6733,6734,6736,6747,6738,6737,6739,6750,6748,6735,6732,6729
37348,37332
19823,19879
838,840
32727,32725,32728
32747,32746
30743,30741,30742,30759,30763,30762,30758,30756,30757
23922,23917,23920
4634447811792893820,30587
30592,30589
38722,38723
12681,12674,12686,12683,12687,12685,12675,4634433621220929917,12673,12682
27949,27952
33608,33609,33541,33543,33545,33606,33547,33607,33546,33544,33538,33540,33539,33537,33531,33530,33516,33528,33515,33529,33532,33534,33535,33533,33536
36779,36752
21336,21334
9203,9212,8796
20390,20386,20360,20249,20356,20250,20359,20362
25107,312861
25758,25756
18877,18969
8490,8486,8485,8489,8345,8344,8482,8493,8505,23118,23104,8502
31728,31693
2305,2419,2304,2303,2313,2306,2307,2314
22535,22532,22533
28358,28343,28357,28342,22534,8200,28378,28359,28379,11728,28360,8199,22529,22531
28346,28345
38623,38619
38620,38621
5668,5701,5667,5671
10490,10479,10478,10488,10489
30037,30033
30073,30075
16341,16447
16196,16195
29871,29872
45994,45990
278817,99989,21233
32241,40776
10005,10155,10156,10154,10153
38426,38575
7792,22159,7794,7797,8044,7796,37181
7795,7785,7793,7798
7791,7784,21980
21840,21850,21831,21830
21523,21469,21524,21541
16111,16101
29002,28997
32595,32591,32573,32590,32596,4634452347278360346,32569
32576,32575,40661,32592,32578,32577,32572,32583,32571
21323,21338,21322,21345
21189,21206,21207,21193,21208,21149,21169,21148,21184
31946,31947,31944,31931,31838,31942,31830,31823,31837
321499,321629,321456
30977,363340,30974
2330,2331,2098,2095,2093,2096,2356,2365,2347,2329
2333,2364,2348,2332,2097,2094,2099
13745,13744,13780,13742,13746,13741,13743
37536,37537
28696,28686,28689
18990,18988
30916,33492,33491
3787,3800
3841,3843,3801,3789,3788,3799
20790,20788,20787,20786,20789
29974,29973
29978,29983,29979,29982,29980,29985,29987,29986,29984
11271,11333,11334,11328,11327,11332,11316,11266,11269,11268,11265
23515,23468,23467,23469,23780,23785
23787,23800,23789
22336,22278
32367,32371
19878,19912,19907,19876
1427,1425
1428,1424,1426
1595,1592,1591,1594,1843,1605,1601,1596,1599,1603,1608,1609
1860,1861,1853,1857,1855,1850,1852
1858,1854,1851,1856,1859,1910
1439,1507,1578,1508,1581,1501,1503,1500,1498,1435
1582,1497,1509,1580,1579,1502,1499,1436,1438,1437,1496
1598,1602,1600,1607,1842,1606,1604,1590,1597,1593,1589
22902,37686
9754,148862
28177,27762,27759,28182
28174,28183,27763
9215,9217,9216,24515,9199
24347,24343,4634414654645362460
2268,2264,2271
2270,2272,2212,2269
785,783
27950,27948
27307,27337,27310,27333
27309,27339,27338,27334,27311
22586,22464,22583
38534,46204,46203,46206,46205,46202
22057,37232
19716,19712,4634451136097570049,19747,19750,19748
40433,40515,40512,40517
13049,13048
18230,18262,18266,18263,5414,18265,18256,18264,18255,4634431207449315156,18270,18252,18269,18257
26880,4634454537711675689
36792,36791
36795,36796
31959,31962,31960
13948,13947,13946,13954,13953
25654,4634435657035441208
502081,27275
28695,28698
26738,26737
26182,26736,26171,26735,26734
11950,11948,11949,11954,11955,29291,11957,29293,11956,11951
37172,37168,37171,4634453382365468109
21966,21968,37173
25077,25078,22104,25075,22105
20649,20651,20582,20644,20624
20652,20626,20647
7670,7668,7672,7675,4634447274921958914,7674
7680,7669,7671,4634447330756533763,7681
25029,25037
590,488
588,487,589
30883,30943,30891,30947,30950,30945,12978
33597,33599
33578,33596,33581,33576,33577,33216,33215,33575
3358,25377,3357,25376
20785,20784
33502,33610,33613,33498
33615,33616,33617,33614
305108,38182
17914,17913,18070,17930,18069,18038,18041,18088,18078
39601,39629
4450,13718,13709,4452,13717,4446,4444,4447,4449
13711,4455
4212,4207,4209,4203,3404,4634456749619810413,4263,4265,4257,4255,4634452703760617634,4244,4240,4242,4218,4222,4237,4220,4214,4216,4254,4213
4448,13715,13710,4451,13713,13719,13716,4443,4445
4439,4436,4434,4437,4362,4271,4354,4367,4366,4429,4363,4431,4268
4349,4269,4270,4356,4350,4355,4353,4351,4352,4357,4360,4361,4368,4365,4430,4364,4359,4358,4433,4432,4438,4440,4435
12771,12772
4210,4206,4208,3405,4204,3399,4217,4264,4256,4262,4241,4221,4238,4219,4243,4215,4211
18774,18800,18854,18771,18772,18770,18856,18855
18099,18107,59193,18106,18111
39592,39591
7658,22202,21535,21536,103471
30032,30031
30029,30028,30026,30025,30027,30030
28890,28896,28794,28792,4634452854084497329,28889,28887,28888,28537,28543,28538,28542,28540,28592,28580
28541,28539
20546,20547,20545,20549,20548,20552,20857,20551,20868,21000,20995,20863
20996,20858,20550,20556,20553,20862,20867,20999
111072,111080,111078,2378
2376,111066
111079,8135
8134,111076,8133
9867,9863,9865,9961,9958
9957,9962,9864,9866,9862,9955
21078,21995
7767,7884
19930,19927,19931
19932,19928,19929,19953,19948,19940,19951,19955,20929,19954
33568,380739,50060
8764,8867,8866
18979,4634446729461123616
23816,23810,23822
24619,23819,24615
38421,38425
30138,30137
30535,30537
105379,4634450530507266934
28788,28891,28900,28913,28892,28787
31064,31063
27235,27236
293952,293932,293951
38496,38488
13447,13435,13434,13436,13463,13465,13464,13461,13462,13460
29508,29507,29525,29524
17596,17598,17597
18504,18503
37512,37492,37495,37521,37525
30003,29988,30002,29993
27805,27961,27945
373244,32771
32688,32779
29477,29478,29475,29476,4634448657901450045,29473,29472
4634463015977119293,28222,27821,28219,27835,27831,27832,27833,27834,28223,28193,4634463015977119292,28194
4634463028862020790,27824,27829
18523,18505,18514,5528,5529
22168,22154
23497,23502
22653,18344,35656,22652,22670
13643,13616,13649,13618,13619,13614,13654,13615,13651,13650,13727,13664,13647,13663,13648,13723,13652
24781,24780
24782,25804,24774
37851,37842,37850,37853,2575,2663,22949
8570,8567,8568,8573,8576
8569,8574,8571,8566
2664,23150,2660,37852,2662
29576,39814
20951,7143
27935,27801
20831,20809,20847
20562,20838,20672,7088,20836
20833,20848,20834
18716,18719
18722,18718
30384,30387,4634433436537353903,30394
30467,29529
24318,24319
23239,23349
4634437710029788319,5281,5282,5280,5278
31066,31221,31067
19345,19337
18224,18218,18223
247624,247620,247626,247625
285823,312728,285818,285820
33111,33103,33105
21813,22013
33041,33064,33043
536,581
534,535
29818,29821
37200,37211,37208
28466,28471
26322,26323
3197,9504,3204
3196,3158,3161,3160
17987,17975
10090,10089
10205,10073,10081,10214,10215,10207,10078,10092,10093
10082,10208,10079,10072,10071,10074
3010,3008,3011,2844,2833,2830,2832,2850,2847,2854,2852,2858,3004,3003,2856,3006,3022
9318,9319
3044,3045,3023,3035,4634450002226187217,3027,3026,3024,3039,3034,3040,3033,3043
9308,9317,38305,9309,9302,9286,9296,9294,9284,9301,3009,3005,3001,2853,2845,2831,2829,2843,2849,2846,2848,2851,2857,2855,3002,3007,3021
32366,31964,32365,32477
295826,295838,295828
18551,18552,18550,18586,4634430460125005976
44341,44337
5275,5249,5277
28038,28040
2067,2130,2121,2132,2120,2143,2106,2064,2065
2066,2122,2119,2161,2142,2170,2168
2169,2171,2166,2165,2167,2160,2148,2145,2144,2157,2154,2164
1768,2052,1770,2032,2048,2044,2036,2046,2035,2056,2059,2061,2057,1759
1771,2034,2033,2055,2060,2058,2047,2050,2054,2051,2049,2045,1758,1769
8468,8473,23079
9006,8970
31949,210327,31961,210328,31958,210326,4634435966273092814
9048,9046,9058,9062,9422,9059,9053
9060,9420,9424,9063,9047,9057
28958,28957
28918,28953,28919,28920
178256,178079,178202
12469,12461,12458,11368
11927,11917,11926,11921,11918,11920,11925,11568,178201,178078,178077,178257,11929,29170,11928
12016,12030,12017,12028,11372,11367,12029,11366,11365,11369,12459,11370,12470,11371,12460,12462,11373,12015,12012,11941,11943,11944,11942,11938,11937,11940,12011,12014,11930,11931
6851,6864,6854,6857,6855,6849,6850,6847,6765,6764,6762,6760,6753,6758,6763,86586,6823,6766,6825,6848
37017,37013
294263,294513,294269,294273,37737,37734,45122
294280,294282,294281,294278
25773,31788,31787,25770
5522,5519,5515,5520
5526,5527
44352,44360,447493
32309,32373,32314
60015,68048,67982,67999,67997,67977,67962,60013,67980,60010,4634447957821811294,58546,58550,59997,4634447957821819255,58552,60005,60011,60003,60016,59984,67967
60009,60018,60017,68009,67974,68004,68013,60030,60029,68011,68005,68012,60008
68010,68026,68016,68006,68015,68014,68038
4324,4328
4634460713874624746,31906,4329,31903
4327,4325
31908,31909,31901,31752,31905
20087,20086
26302,26303
18082,17941,18065,18080,17946,17903,17926,17907,18084
27714,27715
39825,39824,39828
27029,27032,27031
30857,12998,30902,30905,30904
33204,33207,33199,33201
18612,18600,18611
32870,40795
27674,11380,11386,27651,11381,27679,27678,27686,27859,27682,27683
19578,35853,19576,19145,6191,6189,6192,6186,6174,6190
13229,13217,4634452716645528451,13216,4634452716645528478,13225
366001,31939,31928
363366,30948,363277,4634449203362298099
363278,30970,363367,4634449203362298088
13039,4634449203362280177
13040,4634449203362280174
12964,12987,12992,12966
1062,1064,1067,1069,1065,1055,1060,1054
185416,39645,28718,28685,28722,28527
34705,34704
343,292,291,340
21398,21395,21397,21396,21394,21400,21399,21497
27873,27871,27870,27872,27866,27869
14291,14285
21212,21209
7439,7444,7448,7442,7440,7454,7456,7451
1776,1774,1799
1777,1800,1775
1801,1805,2040,4634455353755437046,7478,2053,7471,2042,7480,7482
1806,1802,2039,2043,7479,7477,4634455353755437049,7489,2037
7441,7497,7455,7452,7453,7443,7450,7449,7458
4634450195500074870,40285,40284
32674,32658
852,849,857,859,854,861
858,860,855,856,851,853
30505,30475
25084,25079
23850,23855,23851,23849
28385,28384,28382
28414,28441,28436,28428,28415,28427,28431,28435,28547,343750,28548,28444,28447,28443,28394,28410,28396,28411,28390
26540,26549,26529,26526,26539
26544,26537,26542,26538,26527,26535,26547,26546
26815,26683,26820
29222,29229,29226
13489,13481,13488,13486,13490
39526,39576
38482,314340
314336,38468,25252
118573,118532,4634460245723303721,118576
26781,26786,26782,26674,26780,26677,26777,26672
24946,24943
21815,22025,22059,21955
32880,32885,32881
32892,32891
346769,346856,347020
18301,18298,18303,18267,18318,18317
25586,25428,25429,25587
38184,38181
663,661
11560,11556,11557,27883,27892
44665,37266
29536,29534,29535
5958,5960,5954,5969,5896
293079,293081
293085,4634434918301159416
118753,118755
2509,2512,2504
28006,28008
28883,28885,28854,28872
119927,120135,119962
26511,26453
22851,22856
357757,357752
5931,5939,5928,5935,5937,5944,5936,5932,5934,5933,5930
1931,1936,1934,1896,1898,1894,1900,1884
1930,1933,1935,1932,1888,1886,1897,1899,1895,1901
1510,6118,1495
1567,1721,1724,1862,1813,1867,1864,1722,1719,1716,1718,1712,1715,1710,1555,1560,1489,19559,1492,1516,1549,1522,1532,1518,1519,1513,1554
1565,1569,1566,1568,1723,1814,1865,1866,1863,4634407713978189501,1717,1720,1713,1714,1711,1563,1562,1564,1548,1550,1552,1558,1556,1553,1557,1551,1533,1521,1531,1514,1517,1515,1512,1520,1511,1559
9144,9158,9169,9165,9186,9157
18798,18802,5672,18799
20050,20051
20117,20118,20054
13396,32296
9829,8243
8239,9823
35702,18501
2916,2924,2918,2923
27997,27991,27996,39485,27987
27947,27985
311934,312865,312836,4634448387318792826
311937,311938
44387,44384,447668,44390,447697,447702,447718,44393,44394
9600,9602,9581,4634448468922869104,9583,4634448468922869118,9597,9599,9580,9577,4634448468922869099
28601,28598,28333,28594,28603
28602,28894,28600
5604,5615,5614,5605,4634448275649336803
16131,16130,16144,16040
30600,30574
22595,22564
4370,4372,4347
4369,4373,4371,4348
371254,371042,371229
6524,6525
7054,1840,7053
19916,19918
7056,1846
1837,1838,7055,1848,1836
1611,1637,1615,1613,1636
1618,1627,1625,6521,1616,1633,1634,1621,1617,1623,1638,2743,2741
1631,1630,1629,1632
1628,1626,1612,1610,1635,1614,1624
6503,1620,2742,1622,1619,6504,19917
9607,9606
316849,316395
38628,38627,38600,38602
665,668,666
670,671,667,664,669
30607,29883
24358,4634438242605752103,24350,4634446652151717667
23543,23356,23242,23529,23541
25013,25022
19553,19574
38735,38738,38727
1188,1202,1192,1197,1195,1189
1191,1203,1194,1196,1198,1193
25092,25093
11072,11070,27370,27373,11071
11162,11168,11165,11161,11153,11159,11142,11073,11144,11151,27375,27372,27374,11069
11155,11157,11164,11167,11160,11074,167652,11143,11139,11152
54764,54765
279832,280050,27643,27642,27641,27633,27640,11374,279824,27635,27634
435,423
26639,26635,26650
25851,38800,25802
21550,21551,21540,22203,21538
19659,19666,19643,20511,19640,19667,19642,19668,19658,20509,20515,20513,20508
37341,37343
19558,19561,19557
9601,9549,9582
22050,22049
32968,32965,33466,33462,33463
12061,12070
12043,12095,12060,12067,12065,12059,12094,12096,12058
27522,11241,27523
11227,11214,11224
9909,9905
5112,5111,5110
22418,22194,22192,22419
18159,18155,18156,18136,18129,18050,18132,18135,5366,5362,5364,5363,18161,18158,18162,18160
9465,9466,9382,9464,9398
12007,12010,12009,11318,11317,11320
11939,11281,11282,12008
18606,18616
5170,5162
5180,5182
5172,5177,5592,5209,5175
30899,30901,30778
28875,28880,28882,28884,28881,28873,28870,28874
25608,25606,25605
23613,23612
28484,28506,28509,28485
33185,33211
21415,21410,21414
30453,30460,30455
23058,23096
272455,4634448176865355841
32287,32289,32290,32288,32285,32286,32273,32274
782,780
37581,37507
33402,33408,33406,33387
35454,17720
7412,7410
7829,7817,7827
7828,7818
37622,37624
25734,25735
25733,25732
38414,38430
38608,38562
2288,2292
9387,2287,9397,7930,2289,2290,2294,9383,9381
21492,22137,21493,21479,21480
38725,38726
30961,30966,30964,31011,30976
4634454649380811834,13350
25073,25105,25072,25071,25102
28757,28758
32019,32013
17472,17461
19450,22875
32156,32159,32158
6512,6513,6511,6510
16205,16198
21314,21232
25768,31761,25766,25757,25767
32510,32549
462,458,660,469
468,454,659
11735,28462,28456,11734,11736
19469,19471,19453,19455
26449,26450
18761,18766,18745
32000,32003
21382,21385
24329,24326
3877,3873,3878,3860
4634445891942485814,3887,3923,3924,3927,3925,3897,3920,3895
3886,3899,3926,3921,3922,3928,3919,3929,3896,3889,3898,3888
19717,19711
38439,25191
37184,37376
37374,37183
31868,32263,31865
24851,24846,24860
22785,22784
22821,22819
26824,26796,26797
32042,32040
32107,32043
31930,31932
307682,307684
37125,37122,37123
21503,21505,27724,21504
10264,10248
17215,17217
38612,38615
19686,19687
19684,19685
19682,19683,19680,19681
19692,19688,19689,19693,19700,19701,19696
5617,5619,5618,5616
5602,5601
292999,292994
28063,28065,28057
13439,13438,13428,13422,13423,13429,13430,13437,13441,13440
30539,30534
18500,18513
40596,40590
32353,32374,32354
38833,38828,38827,38834
12958,12972,12961,12963,12959
29406,29378,29374,29193,29373,29377,29404
8717,8720,8718
8713,8715,8712
27159,27165,27160,27142,26596,27145,27144,27149
159676,38896
20423,20399,20436,20417,20440,20435
103395,21531,21530,21532,21527
21528,7656,103473,7607,7605,7609,21533
7606,103394,7608,7604
45093,45087
26844,26847,26845,26800,26842,26792,26790,26791,26795,26798
4634437314892828785,36951,36949,36950,36979
19695,19703,19697,19698,19619,19699
4634447189022614294,9001,2920,8985,8978,8975
8979,8989,8987,8995,8993
8981,8974,8988,8990
13605,32635,13592,13607,13608
38232,38231
22752,22773
20349,20346
20482,20451
3414,3406,3415,3423,3425
3409,3424,3417,3413,3416,3412,3410
21974,21953
31072,31079
25176,25154,25161,25156,25160,25158,25159,25153,25183,25189,25185,25184,25179
25186,25187,25190
28855,28879,28871
32750,32741,32749
28586,28546,28590,28588,28914,28922,28921,28595,28895,28597,28599,28596,28591
1915,7187
1918,1923,1967,1920,1917
1921,1964,1922,1919,1916
28089,28068
26160,26133
25639,25645
8212,2481
8211,2476,2477,8209,8213,2475
8210,8214
24567,24572,24569
31920,31929,31935
726,725,729
727,4634441919097733844,728
38604,38606
44626,44641
21310,21210,21211
38471,38473,25226,25211
118728,118724
118621,118629
28459,28418
27720,27707,27705,27706,27717,27704
38741,38740
7811,7816,7814,7808,7809,4634455980820667949,7722,7727,7799,7804,7730,7806
7807,7805,7728,7729,7724,7800,7812,7810,7815,7813
37446,37489,37443,37445
367924,367916,40533
360171,30701,30639,30702,30622
30615,29889,30609
31082,31083
25305,25306
20533,20514,20534
32523,32388
45888,45883
30524,30525
28761,28760,28759,28775
26864,26671,26680,26901,26904
27799,27722,27795,27794,27793
4634447747368374404,271838,20618
1001,999,1012
1010,1000,1015,1011
13781,13782
38537,46191,46207,46186
32412,32410,32436,32438,32435
25867,25891,25869,25892,25887,10044,38799,25866
10118,10125,10040,10120,10116,10111,10041
10122,10042,10123,10124,10113
9527,9529,9528
9535,9544
13501,13458,13477,13467,13472
23981,23982,20947
22560,22551
8197,8202,8198,8201,22555,8203,8192,8195,8193,8194,8196,8157,8191,8190,8188,8187,8189,8158,8186,8160,8156,8159
35590,18061
26799,26826,26825
32773,32763,32765
27210,20198,27208,27217,27228,27212
21182,20657,20625,20661
39606,39609
30349,30309
17522,17519
10103,10102,10104
38717,25448,38678,38694,38690,38693,38677
30833,30830,30834
30823,30821,30826,30824
19795,19702,19808
9981,9984,9980,9935,9948
38643,38546
46213,38538
25737,25736,25751,25759,25748,25760
225632,225631,225663,225112,225522,40842,40844
225661,225660
10399,10396,10398
10424,10423,10425,10445,10427,10428,10426
10455,10452,10446,10447,10453,10454
30900,30777,30780
38275,38288
37538,4634441442356400805,37564,37539
32505,32201
37078,280488
8706,8710,8709,23496,8707,23509,23512,23521,23511,23508,8608,8604,8606,8701,8602,8603
1254,1252
35448,35447,4634454146869642435
5259,5257,5258,5260
4634456856993996838,8227,8225,8231
22465,22587,25403,25398,25402
32203,32085
5697,5716,5719,5717,5720,5715
29503,4634453219156718356,29510,29456
30331,30332
29481,29480,30431,29483
966,967
12779,12778,1008,1006,1013,1026,1031,1014
1080,1033,1082
24337,24341
24344,24338,24388,4634440737981751107
22892,22888,22972
22978,22988,22980
45427,45425
4634432826651992695,25178,25200,4634429854534623837
61035,61013,61018,61025,61024
24833,24807,24865,24923,24922,24861,4634449130347847962
24637,24792
319026,364367
4548,4544,4547,4550
4546,4545
32499,32508
4634457935030803976,24078,24089
286108,22151,286107
19308,5891,19307,5889
19294,5888,19306,5887,19305,36039
28982,28823
19189,19209,19193
24794,24644,24845,24839,24854,24645
9333,24797,24788,24806,24805,24842,24785,24857,24855,24647,24847
9303,9304
9291,9311,9305,9312
9306,9289,9331,9332,9288
33257,33266
140546,9328,9329,9316,9313
24714,24709,24708,24710,24760
4634437052899796066,9245,9246,9250,9242,9243,9241,9249,9287,9290,24695,9292
19743,19744
19742,19719
19753,19745,19733,19724,19730,19738,19732,19734,23140,19736
111745,2402,2401
2404,2403,2400,2397
281580,104074
32035,32036,32032,32039,32031
4634450530507188806,27203,27202,27197,27199
31081,31185
40880,40877,40879,40878,40874,40875
348647,348525,348708,349171
26715,26716
38892,26701,26717,26740,38895
7861,7860,7964,7879,7869,7871,7928,7988,7863
7862,7934,7868,7864,7870,7927,7878,7933,7971,7989,7986,7965,7858
43610,43599,43604
5412,5408,5410,5411,5409,5384,18175,5383,4634447257742087461
23207,23212
32560,32568
31062,31060,31061
28420,28416
32344,32335,32342,32282
30712,30713,30696
38554,38553,38563,38552,38544
352480,195078
29674,29695,29694
17899,17878,17881,17898,17877,17479,17476
20342,20339
20375,20372,20383,20382,20381
19007,5721
18908,18905
22170,22172
120680,4634429583952127309
22550,4634432461579769890,22547
22123,22125,22124,22153,22155,22152
27127,27123
27066,27064,27088,27089,4634442129551157691
11900,11834,11833,11836,11838,11840,11839,11837,11835,11850,11829,11827,11828,11831,11832
13361,13357,13355
13353,13356
4634455405295060313,17548,17544,17547,17752,17784,17777,17778,17760,17779,17799,4634455405295060319
8657,23290,8647,8645,23182,23286
23287,23289,23285
28064,28058
4487,4483,4485,4489
5897,5956,5955,5970,5963,5818
38403,25121,38406,25118
25117,25115
9766,9769
9768,9763
25643,25648,319468,25640
9786,9795,9783
9780,9781,9782,9785,9793,9784
558,530
529,567
118612,118614
5728,64630,64632
5732,64649,5730,5734,5735
5820,5824,64650,5629,5631,5825,5822,5819,5821,5807
5736,5733,5729,5731
19896,19895
435464,19894
12814,12815,30520
14817,14820
9565,9534,9562
9563,9558
24934,24935
7428,7838,7423,7411,7424
22598,28407
17906,5306,5303,17852,17860
26779,26813,26778
22149,22143
37462,37413,37414
13542,13316,13315,13318
22281,22467,22282
29080,28988,29058,29053,29062,29064,29059,29659,29660,29655,29081
30411,30412
33454,33458,33459,33465,33437,33455,33428,33433,33430,33429
198619,30000,29996,29977,29976
26563,26602,26590,26551
32450,32470,32454,32458,32629,32474,32637,32631
3566,3550
38448,38440,38450
118756,118757
27529,27530
19369,19367
19375,19365
19372,19358,5943,19359,19373
5941,19357
677,2595,680,2597,2589,2587,2590,2599,2601,2609,2607,2608,2604,2613,2615,2610,2819,2584,676
2763,2795,2798,2791,2756,2759,2751,2767,2769,2754,2773,2697,2774,2765,2722,2710,2721,2718,2727,2712,2714,2717,2723
681,4634455053107726879,2586,2588,2583,2585,2594,2596,2593,2592,2598,2603,2606,2605,2612,2611,2602,2600,2616,2820,2614,682,679
2719,2708,2768,2771,2766,2772,2770,2700,2696,2701,2713,2726,2725,2724,2716,2715,2720,2711,2750,2749,2762,2794,2797,2792,2757,2755,2761,2753
37500,37578
9674,9676
7505,21331,7525,7524,7526,7522,7521,7520,7510,7504,7499,7519,7523,21332,21405,21333,37060,37063,37061,37065,37064
23339,23328,23296,23298,23330
2405,2385,2389,2388
2387,2386,2392
29697,29699,29675,29693,29677,29696
29667,29102
24447,24425,24446
6694,6712
20343,20345,20344,20337,20340,20341,20338,20332,20336,20333,20334,20331,20295,20294,20291,6713,6715,20292,20297,20299,20298,20296,20303,20329,20301,20330,6693
7115,7073,7109,7074
7132,7138
7142,7149,7148,7146,7137,7156,7153,7121,7152,7075,7147,7151,7145,7118,7117,7123,7140,7139,7135,7134,7136,7144
28073,28056
26388,26429
9330,10048
12937,12936
27840,27839,27841,27789
19395,19389
18952,18946,18951,18950
30340,30346,30342,30437
30457,30348
33309,33310,33320,33316
8577,8580,8572,8535,8575
23154,37860,23157,23156,23158
35917,36002,35918,36000,36005,36004,35916
31998,32045
27746,27740
27665,27675,27699,27677,27697,27695,27663,27664,27701,27694,27669,27667
32620,32461,32464,40686
4459,4457
4456,4458
32899,32904
30768,30771,30767,30710,30769
10259,10260,10258,10254,26617,10256,26606,26605,26616,10262,4634445333596743697,4634461680242272271
10311,10326,10327,10325,10306
6778,6800,6799,6780,6781,6798,6801,6779
13720,13806,13807
13893,13894,13896,14173,13895,13892,13889,13887,13888,13890,13856,13891,13853,13855,13843,13839,13842,13840,13841,13838,13836,13837,13834,13833,13835,13819,13817,13815,13818,13811,13820,13844,13809,13810
21391,21389
19085,19113
24987,4634431542456770977
21832,21837
10785,10783,10787,10786,10781,10780
10673,10767,10763,10677,10766,4634427414993185194,10667,10661,10662,10618,10615,10660
10612,10665,10620,10619,10663,10617,10762,10775,10777,10776,10779,10778,10769,10768,10771,10770,10774,10765,10672,10675,10668
10790,10819,10817,10821
10791,10789,10804
21835,21839
31746,31744
12917,30791,12918,12919
14124,14130,14128,14129,14135,14136
14138,14141,205540,12923,14137,14139,12910,14140,12921
14127,14133,14126,14125,14120
12895,12897,12896,12899
12915,12913,12905,12909,12926
12924,12908,205234,12907,12914,12916,12912,205533,12925,12920
483387,144752
26911,26916,26834,4634445419496106270
27297,11022
22187,22190
9450,9434
9435,9451
9475,7984,7979,7993,7992,9477,7977,7975,7985,7976,9478
37519,37520,37516,37515,37517
23908,23914,23909
33479,33496,33480,33448
14209,14211,14210,14175,14174,14208
311735,25136,311736
145740,25137,484509,25142
25218,25213
38739,38730
37470,37459,37460
624,626
625,627,623
19392,19396,19398
22751,22772,22737
27437,27381
11286,11154,11158,11156,11145,11146,11170,11171,11287
4634449800362730742,9611,9626,9507,9509,9463
26622,26621,26623,26627,26624
24601,24610
11417,7649,7623,7654,7584,7585,7581,7589,7591,7587,7592
7590,7648,7622,4634425821560319128,7652,7653,7651
11389,11382,11379,11385,11384,27632,27636,3672,102069,7568,2080,11391,2071,3670
3589,3595,3593,3591
3590,3594,3588,3592
2072,3669,3671,2070,3673,2073
36889,21025
21022,21038,21021
29037,29038
8761,8754,8762,8760,8755
8742,8749,8744,8750,8751,8748
8757,8752,8759
24945,24938,24939,26042,24937,26040,24944
10936,27232,10935,39125,39126,39124,27237
33011,32910,33010
23001,22979,22989
22996,22983,293923
9365,10347,9368,9363
9364,9361,9360,9362,9366,10348,9367
27340,27320,27343,27341
19662,19661,19660,19657,19651,19629,19630
19646,19654
19656,19655
228710,228707
19814,19707,19708,19809,19819
25371,25396,25372,25392,25391,25366,25368,25367,25365
2190,2192
2201,2200
7822,7823,7824
23098,8506
31713,31887
2944,2938,2941,2948,2952,2947
2946,2940,2943
2942,2945,4634446244129803131
26906,10499
25025,25020
8499,23087,8462,23088,23083,8492
26641,26638,26634,26640
23101,23102
2517,2524,2522,2526,3829,3831,3826,2525,2514
2518,2516,3827,2523,2529,2530,2528,2527,3828,3830,2521
6179,6180,6178,6183,6176,6175,6182,6181,6177
24975,24973,24991
26894,26895
26920,26919
19517,19515,19516,19538
21736,21062,21994
22116,22117,22112
70425,70423,70712,70705
70783,70457,70732,70782,70722,70780
70436,70401
22576,22585,22597
28081,28079
40670,40669,40668
29217,29214
23176,23174,37869,37871,23178
20282,20283,20288,20286,20289,20284,20317,4634445694374006619,20313,20314,20290
24906,24898
24897,24905
23321,23312,4634465769051151128
8101,22147,8100,22148,8095,8097,22173,22126
28101,29220,28113
9391,9392
38203,9044,9045,9043
9396,9395,9393
38648,38645
28777,28778,28323,28321,28324
27478,39177
20779,20780,20781,20778
20526,20522
20523,20527
314958,314962,314956,288762,314955
447,445
446,444,448
26958,26967
37453,37447
17867,17864
25378,25386,25385,25387,9712,38520,9713
315228,25379,315226
18294,18283,18299,18297,18295
23081,23107
14246,14252,14249,14265,14264,14255
22268,22270
21983,21981
46189,38498
2207,2209,2208,2206,2205
2210,2211
38593,38599
13399,13406,13402,10174,10167,10142,10146,10131,10139
10183,13410,10163,10168,10165,13405,13407,13400,13397,10143,10178,10170,10175,10173,10176,10172,10169,10140,10148,10149,10132,10133,10144,10141
16426,16420
28402,28417,28403,28422,28381,22556,28380,28387
16655,16677
15760,15761
15641,15646
118551,118600
20323,20310,20321
20322,20318,4634419696936963925,20319
25361,25373,25375,25374,25364
25098,38397
32188,32195,32189
20525,20783
20524,20528,20532
20529,20530
19124,19129
24614,24617,38081,38082
685,684,687
27822,27852,27823
29549,29550,28812,28793,28806,28810,28803,28811,28804,28853,28849,28848,28847,28821,28819,28814,28822,28817,28818,28844,28820,28843,28846,28845,28858,28852,28842,28861,28864,29553,28862,28860,28859,29544
9787,8229
8228,9774
29827,29832
29853,29854,30571,29851,29856,29855,29860,29881,29877,29878,29880,4634444865445328038,29863,29861,29858,29859,29857,29836,29837,29869,29865,29874
4634452312918598038,8600,8589
23075,8434,23076,23074,23073,8312,8314,8342,8313,8347,8343,8308
7333,7721,7351,7334,7337
7349,36915,7335,7338,7332
28742,28748,28749,28743
5662,5646,5577,5651,35770
10715,10717,10716,10712,10714,10713,10711
19600,19599,19586,19585,19596
13433,13431,13432
37322,37321
17585,17769
118702,118572
30054,30058
8779,9201,8797,9218,9223,9269,9281,9219,9271,9277,9270,23530,8775,23237,23238
28326,28314,28315
32244,32246,32245
19049,19072
19523,19560,19524,19567,36201
19520,19519
5641,4999
4992,16179,4997,5633,5638,5640,5636
19118,19120
19107,19108
38548,38536
30599,30581
26684,26821
23425,23433,23432
23443,23445,23437
287618,287623,22188,22189
32014,32025,32030
31988,32029,32001
292984,292987
48986,48919
20181,20137
28116,28155,28112,28107,28109,28108,28110,28106,28115,28104,28105,28103
10442,10410,10335,10337,10435,10420,10408,10438,10505,10498
10332,10333,10413,10404,10407,10417,10411,10497,10434,10504,10431
12952,12949
10704,10699,10850,10862,10851,10847
10879,10844,10845,10884
10853,10868
16616,16617,16619
748,746,750
749,755,747,745
38529,38528,38531
26552,26558
39686,39687
26711,26724,26713
26729,26725,26730,26714,26732,26727
18768,18801
25628,25629
25888,25968
13140,13134,13133,13135,13125
3426,3431,3428,9812,9858,3407,9859,9856
3430,3432,9857,3427,3408,3429
8893,8887,8886,4634450461787693758
23833,23835
8843,8835,8839
8877,8876,8878,8880,8881,8879,8883,8885,8884,8882
23801,23836
8855,8792,8847,23808,23802,8856,23803,23806
25004,25005
9426,9423
25007,25008,25006
9425,9427
38580,38582
12098,12097,12100,12101,12099,12102
12083,12072
308,309
316,315
25055,45998
23571,23577
32551,32546,32550
8582,8321,8340,8323
8317,8315,8316,8322
8590,8584,8585,8583,8594,8596,8595
28088,28084
1819,1830,7048,1831,7047,1829,20799,20805
1821,1823,1822,1833
20803,20801,7050,1826
20802,7045,1827,7046,20798,20800
1828,1820,1824,20804
25332,25334,25329
4280,4285
4281,4284,4293,4283,4282,4223
11593,11588
508,504,502,506,500
501,507,505,509,503
25240,25242,25238
27825,27826,27817,27764,27820
27828,27827
37290,37291
18519,18496,5524,18515
27169,27168
37571,37575,37567,37557,37568
3558,3559,3554,3561,3549,3552,3090,3556,3095,3093,3088,3094,3079,3083,3084,3086,3081,3077,3479,3498,3500,3480,3476,3097
3557,3085,3082,3096,3080,3092,3091,3089,3499,3087,3497,3078,3478,3477,3481,3555,3553,3551,3560,3548
30670,4634459369549887437
30648,30649
30656,30655
30682,30683,30657,30671,30659,30673
27456,27441,27561,27439,27563,27383,27564,27414,27418,27449,27447,27415
451,453
12371,12373,12354,12357,12358,12375,12372,12350,12356,13726,13728,12351
67975,67972,67978
31076,31069,31071,31034,31068
33363,378617,378616,33369,33367,378639,378640,33370,33372,33365,33371
16789,16795
8397,8391,8377,8389,8396,8406,8402,8404
8392,4634455053107732695,8401,8394,8400,8398,8399,8393,8405,8471,8408,8470,8467,8469,8481,8479,8480,8478,8390
32937,32943,32940
17820,17817
39507,39520
37599,37600
38508,25399
25599,25731,9912
25591,25589
32267,32264
18848,18845,18849
17993,17981,17995
14011,14010,14024,14012,14022
14037,14039,14035,14041,14050,14048,14053,14036,14034,14064,14065,14052,14072,14075,14077,14074,14071,14067
14033,14027,14031,4634436232561047244,14026,228305,14029,228317,14030
14068,14070,14076,33407,14073,14066
14020,14003,14023,14021
14032,14054
22866,22987,22869
9052,9051
20772,20770,20776,91785,21265
39470,39475
25407,25409,25406,25405
23804,23798
23621,23791
8812,8811,8783,8724,8768,23553,8721,8780,8786,8784,8787,8788
8814,8813
8828,23807,23805,8829,8849,23837,23834,23847
25067,38401
29240,29243,29256,29259,29246,29260,29242,29283,29349,29286,29261
19624,19626,19625,19550,19540,19618,19617,19623
9566,9576
9578,9567
9550,9545,9543,9547,9552,9542,9541,9551
9539,9537,9538,9540
12132,12127,12131,12126,12129,12128,12130
17586,17572,17583,17571,17582,17581,17565,17543,17564,17570
21738,21737
707,709
8218,37591
32918,32914,32917,32922,29940,32928,32929,32920,32925
32923,32915,32916,32919,29939,32927,32921,32924
4634446016496561682,39503
30447,30459,30438
29146,29150
22591,22606
7509,7507,7511
26829,26831,26830,26828,26909,26907
381445,33650
33260,33081,33182,33258,33256,32985,32977,33037,33067,33264
33038,32979,33653,33065,33263,4634454584956322283,33073,33183,33261,33647,4530,4529
37426,37423
7039,7033,7043,6250
7036,7044,6248,6251
38460,38411
29017,39672,29008,29016,29013
28704,28626,29005
30379,30056
30048,30046,30055
40524,40521
25618,25572,9918
2281,2279
32507,32502,32514
24548,23770,24547,23775
38358,38357
12977,12985,12986,12973
12981,12838,12980,12837,40303
12982,12990,12976,12979,12991,12974,12983
26448,25743,25742,25741,26447
26255,26257,26256,27006,26258,26190,38826,26189,38830,26161,38829,26191
294072,294073,294506
29547,29265
18633,18635,18636
35754,35753
13983,13976,13974,13982,14014,14013,14016,14018,14015
46201,44852,315491
9959,9960,9871,9870,9872,9868,9869
9211,9210,9229,9230,9228,24626,24625,23906,9235
6321,6330,6322,6420,6309,6421
6310,6417,6422,6418,6419,6323,6320,6325
6207,6214,6209,6212,6203,6205,6204,6222,6215,6219,6223,6411,6408
6211,6220,6210,6218,6206,6216,6221,6213,6413,6412,6414,6410
38478,38476
40782,40769,40777
19847,19849,19846,6474,6466,6473,6475
19848,19843,19852
6455,6454,6468
6465,6459,6461,6464,6460,6463,7034,6470,6458,6469,6456,6462,6472
36984,36986
32566,32240,32554
3434,3441
3435,3444,3433
23269,23280,23278
18817,18820
9080,9020,9085
368833,368536
28481,28479,28480,28482
22599,22601
16641,16662,16646,16642,16643
4634432349910615105,17458
18692,250374
2284,2286
4827,4828
20622,20621
26648,23916,26645,8910,8904,8911,26651
9439,9610
9440,9609,9438
37467,37465
22048,22047
11211,11212,11210
23394,24061,23391
23388,23390
32347,32349,32283,32340,32336
38695,38692,38697,38691,38696
23369,23554
18180,18182,18181,18184,18183
37485,37511
9403,9404,9402,9401,9400,9415,9418,9416
10609,10613,10614,10610
26245,10057,10592,10589,10590,10068,10588,10094,10069,10088,10091,10087,10066,10062,10058,10055,10056,10054
4634432843831840287,3610,3609,3607,3668,3641,3667,3643,3631,3645,3629,3647,3649,3639,3627,3642
3616,3644,3650,3648,3646,3666,3608,3628,3630,3633,3640,3617,3611
32879,32913,32878
27800,27790,27791
17493,17515
26156,26157
26242,26158
2248,2223,2226
2225,2222,2247
25101,25070
9105,9106,9035,9008,9104
10010,9988,9983,10006
33396,33409,33410,33392
25483,25485,25474,25473,25475,25484
38792,320148
21565,21607
31677,4299,10021,25769,10022,153429,10023,9978,31684
10017,10012,10018
9979,31686,31681,31685
4305,365135
3466,4304
4303,3465
28017,28012
33323,33325,33349,33351,33348,33295,33318,33298
7692,7691,7705
23353,23367,23351
31189,31058
22943,22944,23151,23149,22937
3315,3316
3317,3314
22976,22991
11663,28149,28139,11654,11646,11655,11660
33562,33202,33508
31687,31766
24148,24200,24194
4249,4230
3907,3908,3903,3902,3891,3900,3905
13111,13114,11793,4231,3909,11791,3911,4226,4228,3913,4229,4248,11795,11797,13104,11800,11794,13107
4634463445473833784,4634459240700841792,4227,13113,3912,3914,3910,3906,3892,3901,13106,11792,11798,11805,11801,11796,4634463187775796017
32430,32434,32433
32427,32426
32429,32431,32428
12237,12223
12224,12236
20753,20759,20756,20751
336167,27676,27672
22782,22794
22800,22801
9672,9649,9604,9605
13669,13673,13671
13660,13670,13661,13662,13672,13657,13655,13617,13620,13612,13613,13656,13659
13683,13685,13678
21127,21992,21128
813,809,811,805,807,1112
808,812,810,1111,806
25857,26053
27273,27266
7234,7016,7024,7018,7225,7224,7097,7096,7095,7125,7221
7233,7021,7015,7025,7023,7223,7220,7112,7094,7219,7222
439,441,438
440,436,437
28433,28432
12692,13024,13027,13026,13028,12693,12691,12690,14301,14296,14295,14299,13030
9903,9677
23961,23966,23962,23960,23956,23934,23957
18868,18870
19064,19054,19061,19058,5747,19084,5749,5746
20904,20952
20910,20908,20930,20931,20913
18599,18602,18605
33097,33085,32948,32949,33082,33083,32947,33084,33098
12204,12202,12205
12189,12198,12190,12193,12192
32459,4634452347278360261,32452,4634452347278360265
29032,29031
21997,21991,21990,21993,21126
11992,11999
12075,12077
12089,12090,12086,12092,12087,12088,12079,12093,12085,11997,11991,11998,12004,12005,12000,12006
38613,38616,38614
23815,23825,23818,23771,23768,23813,23767
38709,38710,38706,38707,38708
2315,2317
26696,26697,26694
26625,26610,26630
26619,26629,26611
3137,3267,3135
3266,3136,3134
24984,24968
16839,16838
10299,10297
10296,10298,10276,10273,10277,10268,10270
38764,38762,38761,38763
38558,38560,38559
28730,28739,39638
16876,16891,16877,16486
4634448275649343363,12164,12167,12170,12188,12171,12186,12168,12165,12141,12162,12153,12147,12159,12142,11665,11674,11667,11670,12137,12136,11664
11671,11668,12135,11675,11821,12138,12148,12156,12152,12161,12160,12169,12166,12187,12172,12143
20176,20185,20166,20161,20172,20175
19539,19549
17985,17984
31387,31372
31897,31899
29448,29452,4634451088852939530
12063,12064,12056,29306,12055,29422,12062
29301,29303,29216,29299,29212
1029,1034
20656,20654,21219,37048,20702
16884,16883
289,307,306,288,282,286,284,285,283,287,275,280,272,279,274,281
268,267,269
514,4634435227538686475,538,531,547,541,518,521,520,516,416,414,4634438371454747135,4634438302735270299
16894,16909,16893
3363,3362,3364,3366,3367,3365
48291,29558,39797,39808
293067,293064,293066,293069,293080,293078
33284,33288,33285,33283
33488,33490,33487
30794,33484
692,696,694,699,698
695,693,697,700
32092,29119
17588,17592,17587,17758,17773,17768,17756,17772,17792,17791,17790,17795,17589,17793
7515,7513,21344,21292,21291
638,629,636
635,637,628
30675,30677,30676,30506,30478,30647,30646,30667
32177,40506,40504,40505
10075,4634435944798234479,10080,10086,10059,10067,10060,10076,10751,4634433728595110402,10210,10671,10683,10678,10674,10680,10693,10687,10759,10757
10692,10695,10083,10750,10211,10085,10077,10084,10096,10682,10684,10679,10758,10676,10681,10753
22063,22062,22067,22023,22018,22019,22024,22061
33405,33393
36080,36081
31045,28529,31046
4634440140981274563,1992,1975
1976,7368,1989
36500,36498,20266
20265,36499,20279,20263,20325,20308,20307,20311,21140,21138,21139
21507,7637
7633,7635
7640,21500,7614,7642
7629,7641,103231,7638,7639,7636,7613
31825,31833
3143,3141,3145
3144,3142
3822,3867,3862,3864,3857,3869,3823,3816,3820,3825,3837,3833,3834,3839,3840
3855,3858,3865,3868,3866,3815,3817,3824,3821,3819,3818,3863,3838,3832,3835,3836,3814
30502,30500,30501
38374,38371
195590,523841
20956,20955,20914,20954,20953
38646,22590,37598
29418,29409
30330,30329
30327,30324,30326,30328
25062,25063,24971,25058,24988
21304,21293
16488,16487,16890
237483,16313
25664,25713,25499,25662
17696,17707,17697,17695
31486,31488
40417,31487,40413
28719,28721,31371,40405,28714,28716
28283,28284,28281
28316,28291,28293
28176,28168,28167,28175,28170
27052,27033
18953,18941
29252,29268
26975,26764,26766
10374,10377
10370,10451,10449,10448,10450,4634458725304772734,10369,10365,10361,10360,10363,10368
10376,10359,10358
12876,12872,12878,12877
8149,8153,8150,8152,8155,8154,8137,8148,8138,8147,8136
38565,38555,38658,38657
32579,32588
32567,32565,32570
5455,5460,5423,5459
16787,16705
1117,1121,1123,1118
1116,1122,1110,1115
27653,27659,27655
27656,27654,27660
48970,40453,40452,48973
11610,11626
11701,11710,11712,11709,11716,11704
11607,11609,11606,11611,11620,11714,181116,11717,11702,11708,11623,11706,11700,11601
3754,3758,3730,3753
11622,3760,11625,181692,3757,11624
11723,342091
11688,11681,11692,11722,3809,11726,11721,11687
3797,3795,3793,3790,3785,3786,3810,3811,3778,3798
3759,3755
3792,3796,3791,3794,3782,3779,3812
11682,11703,11713,11718,11715,11705,11711,11707,11697,11694,11690,11724,11727,11689,11725,11693,11684
30772,30764,30761,30775,30774,30784,30766,30787,4634430833787172930,30785,30783,30765,30773
28236,28233
29762,29721,29754,39869,39867,39874
25739,25626,25620,25613,25623
25780,25781
24620,24574,139531
37613,37612,37614
7352,7354
22731,22754
8059,22158,8058,8065
4634447944936861714,30697,12845,12285,12290,12287,12303,12305,12302
118581,118588
10161,4634449637153974192,13395,10162,13401,13404,13403,13398
9348,9353,9357,9352,9346
9355,9356,9350,38335,9347,9345,9351
24827,24836,24823,24824,24825,24837
24810,24822,24816,24812,24814,24820,24707,9315,24808
26457,26517,26514
25147,25140
13799,13803,13870,13874,13869,13866,13872,13865,13868,13864,13858,13800,13801,13802,13857
13875,33114,13828,33115,13851,13832,13829,13831,13846,13852,13845,13848,13850,33117,13854,13849,13847,33113,13830,13877,13876,13881,33106
4634453219156718315,29401,29413
29309,29308,29310
26689,26620,26687,26691
27163,27158
27035,27030,27036
23309,23310
23307,23306
19041,19027
18907,18910
18912,19025,19028,19033,19026,18915,19024,18914,18911,18913
9855,31036,13078,31360,31054,9854
421,424
24137,24145,24138
1153,4634441231902966915
1157,1156,4634441231902966914
4103,4098,4101,4099,4097,4088,4090,4079,4084,4086,4082,4077,4093,4094,4092,4095,4106,4104,4535,4538,4542,4540,4107
10285,10287,10386,10288,10286,10284,10280,10279,10283,10274,10271,10275,8912,10272
12191,29560,29621,12177,12174,4634451213406991225,39841,39840
9997,9994,9998,9999,9993
9991,9989,9992,9996
25658,25728,25720,25723,25724,25721,25727,25653,25597,25646,4634436000632824889
30721,203964
4634452222724296028,19653,19805
19648,19647
19649,4634452458947497156
12157,12176,12158
37257,37259
25508,25511
25503,25500,38745,25498,25504
294009,294004
3870,3882
4275,4279,4277
1929,8960,8958,2898
1958,1959,1948
8956,2907
8949,8954
2908,2906
2905,1928,2897
4278,4276
3329,3462,3350,3461,3340,3464,3469,3467,3463,3065,2928,4634447910577114014,2984,2962,3063,3000,2911,3062
2110,2105,2108,2115,2116,2103
1947,1957,1941,1942,1949
2368,2370,2372,2369,2326,2366,2359,2362,2361,2343
2322,2102,2114,2113,2117,2109,2104,2126,2139,2136,2129,2146,2141,2147,2353,2327,2323,2324,2350,2358,2371,2363,2367,2373,2360
7761,8021,7998,8010,8018,8001,8032,8031,2325,2321,8030,7750,2140,2137,7745,2134,7747
1998,1978,1991,1977,1983,2000,1924
3312,2972,3061,3064,3060,2979,2929,2910,2925,2926,2927,2931,2932,2930,2960,2961,2949,2963,3330,3341,3349,3352,3468,3351,3343
1985,1980,1982,1979,1993,1981,1999,1925,2002,1984,2001,1986
7402,8972,8951,8961,8950,8973
9458,3157,3162
13328,13335,13340,13345,13339,13369
4634457196296418334,13336,13344,13331,13338,13367,13334,13327,13343,13341,13326
11360,11359,11363,11361
27615,27618,11349,27622,11353,11354,11355,11356,27617,27616,27614,27610
12628,12618
12587,12585,12586,12583,12581,12582,12584,12564,12548,12563,12575
5065,5064,5107,5108,5106
28678,28666
28963,28910,28968,28966,28850,28981,28856,28857,28851
9168,9612,9159,9161,9608,9160,4634432826651977102,9613,9166,9167,9163,9162,9164
44851,44849
40400,40399
22579,22577
38928,326352
27768,27770
2580,2582,2577,1329,2555,1327,2551,2561,2553,2559,2545,2549,2543,2547,2557,2563,2579
2576,2554,1328,1326,2544,2556,2542,2541,2548,2558,2552,2550,2560,2546,2562,2581,2578
18938,18935
12562,12566,12568,12567,12565,12553,12554,12551,12552,12409,12549,12407,12402,12401,12406,12408
17924,17917,17915
17927,17943
29688,29689,29687,12253,12255,29706,29711,29692
29705,4634452278558880758,4634452278558880763
5063,16418
5494,5497
5543,5542,5546,5530,5509,5525,5498,5531,5533
16099,16059,16062,16091,16104,16092
16110,16102
15654,15659
5147,5148,5184,5186,5149,5142,5145,5144,5141
17862,17863
18965,19075
64574,18917,18920,18918,18922
12039,12042,12044,12046,12047,12045,12040,12026,12025,12035,12037,12024
12034,12027,12036
4894,4893
4890,4891,4888
37280,37258,37278,37261
7676,7720
21570,7678,7719,21574,4634447343641449537,21028,36893,21567
40588,40587,40593,40594,40592,40591
4634459043132372136,29866
32491,32486,32488
13118,13120,13119,13138
32109,32105,32121,32112,32126,32123
28160,28162
20603,20600,20601,20611,20599,20664,20663
20567,20576,20049,20045,20494,20038
20023,20021,20022,20024,20037,20035,20044
37573,37559,37561
40280,40288,40281
11819,11651,11673,11677,11672
11820,11676
12298,4036,12297,4037
4033,4030,4028,4031,4011
4032,4035,4125,4140,4131,360575,360577,4146,4039,4042,4040,4048,4046,4121,4117,4038,4034,4029
3937,3915,3939,3982,3986,3991,3990,3987,3988,3993,3984,3983,3981,3917,3935,3933
4026,4019,4021,4024,4017,4004,3998,3996,4000,4002,4013,3918,3934,3930,3931,3932,3938,3936,3916,4005,4001,4003,3999,3994,3989,3992,3985,3997,4020,4025,4022,4023,4016,4015,29831,4027,4634450169729912754,4014,4012
4138,4139,4145,4143,4142,4144,4147,4141,4123,4126,4129,4128,4132,4135,4133,4134,4137,4136,4130,4124,4122,4041,4045,4047,4044,4049,4043,4120,4116,4050,4118,4119,4051,4634459111851823135
22086,22065,22036,22064,22081,22083,22084,22082,22085
21161,21175,21176,21160
1686,1678,1689,1688,1691,1675,2026,2028,1661,1666,1673,1672,2030,2022,1664,1767,1761,1764,2025,1753,1757,20400,1680,1681,1684,1687
6642,6648,6646,6644,6643,6645,6647,6649,6656,6655
31941,31874
23964,23965
23967,23963
23000,23003
19103,19096
19413,19410
19414,19415
19440,19449,19447,19441,19437,19439
22477,22541,22472,22552,22525,22539,22538,22553,22537,22473,22471,22474
23454,23448,23442,23450,23430,23452
23438,23451,23447,23422,23424
37204,22026
22704,22702
22728,22720,22714,22719,22729
19379,19380
28235,28237,28296
27007,27017,27020,27015
25241,4634453249221485757
3170,3169,3174,3177,3247,3172,3175,3173
3171,9487,3246
28180,4634446016496555750,28179
25614,25612,25615,25880
13252,13250,32133,13266,32130,32143,32132,32149,32147
32144,32137,13265,32135,32138,32142
9112,9111
9123,9127,9126,9110,9109,9129,9119,9128,9120,9108
9268,9214
29093,29095,29083,29061,29088
29084,29063,29094,4634464416136458657
28248,28251
31762,25774
1208,1209
48641,48642
597,596,600
595,598,601,599
11440,11426,11438,11423,11421,11424
11439,11444,11441,11443,175342,8083,8081,8078,8082,8084,110393,8091,110482,8080,8092,11420,11430,11431,11422,11427
11445,8079,11678,11446,11442
25853,25917,38802
25822,38801
39843,39844
12256,12213,29759,12257,29737,12254,29765,29766,29760,29768,12211
29764,29767
37333,37338
21015,21014,21013
10352,10355
10354,10555,10553,10356,10357,10554,10556,10351,10570,10574,10571,10562,10561
32455,32449
1281,1269,1277,1270,1273,1272,1274,1271,1276,1279,1280,1278,1267,1268,1260,1259,1263,1265,1262,1266
1261,1264
25250,38469
19858,19855,19924
4634436971295439016,30886
23113,23117,23110
292996,118599,292993,4634460245723478140,118602
44558,44556,44559
40559,40780
16333,16317
5181,5188,5187
23368,23544
9902,9758
24180,24050,24054,24046,24049,9094,9081,9083,9079,9016,9066,9102
38673,38716,38718,38674,38672,38670,38663,38671
35411,17502
6827,6830,6818,6815,6826
40654,40655
13222,31953,13221,31945
21070,21075,21071,21111
27284,27252,27279
19044,19046,19045,19040
31898,31749
5966,5971,5847,5968,5972,5967,5965
8066,4634446012201588543,22277,22198,22279,8067
30039,30009
3780,181182
3775,3781
3774,3772,2374,3773,3777,3776
19210,19213
22119,7762,22118,22121
6812,6743,6808,6744
6759,6761,6755,6745,6811,6810,6813,6809,6742,6746,6741,6814,6730,21150,6757
2004,1996,1960,1973,1906,1990,2015,2014,2018,2016,2220,2020
30403,12816,30401
1891,1902
7113,7128,7093
1475,1472,1490,1484,1487,1482,1477,1479,1539,1494,1505,1544,1541,1547,1574,1808,1576,1571,1816,1812,1546
1966,2221,2218,2017,2019,2219,1972,1988,1971,2003,1968,1961,1907,1905,1937,1908,1909,1938,1965
1474,1473,1485,1476,4634448108145608139,1478,1481,1480,4634448108145608142,1491,1504,1488,1536,1538,1540,1537,1807,1573,1577,1575,1809,1543,1570,1545,1572,1542,1811,1815,1810,1506
8738,23482,23475,8734
9027,4634449370866000713
19798,19799
19800,19797,19796,19815
25254,25255
22186,22182,22184
9064,9056
8727,8728,8726
32719,32732,32718
40786,32853
25480,25478,25472,25479,25482,25490,25486,25488,25481
2243,2239
2215,2224,2237,2241
7849,2242
2217,2214,2216,2244,2245,2240
2230,2234
2235,2231
225012,228624,225314,225036,225013,376841,225341,221620,221648,221649,221549,224982
49161,49158
29289,29545,29287,29288
35464,17775
275783,276676
7958,7948,7960,8169,8168
7951,7955,8162,8161,7952,7945,7917,7947
37457,37344,37461,37458
20994,21008,95208
4634455611453567971,20998,21004,21009
22406,22408
32665,40699,32661,40700
19885,19882,19827,19881,19884,19899,19897,19898,19904,19903,23254,19886
29468,29479
31362,31356,31361,31357,31047,31051,31048,28522,28528
12736,12739
12053,12724,12725,12723,12049,12051,12050
28377,28423
36960,36963
26557,32298
21116,21107,21113,21112
21114,21117,21115,21077,21108
20008,20052,20000,20003
20009,20004
40397,40398
24202,24195
18804,18806,18805
24083,23403,24513
26298,26297
40660,40652,40653
9761,9765
27637,27286,27288,27287,27289,27265,27262,27264,27263,27270,27638,27630,27639
20616,20629,20614
12376,13751,12384
12382,13754,13755,13752,12388,13753,12385,12377,12380
12379,12383,12378
28802,28800,28965,28808,28976,345942,28973
7108,7062,7070,7066,7065,7068,7067,7069,7063,7064,7037,6471,7038,7124,7383,7381,7397,7374,7192,7195,7371,7197,7355,7196,7193,7373,7375,7127
21356,21358,21357,21318,21346
30711,30698,30699
24226,38240
4533,4517,4524,4519,4521,4531,4527,4461,4478,4471,4475,4473,4467,4465,4469,4512,4481,4515,4480
4511,4522,4514,4513,4518,4516,4520,4532,4526,4525,4528,4479,4482,4470,4464,4468,4466,4463,4460,4462,4474,4476,4472,4477
13169,13163,10025,10019,13161,13167,13171,13173,9975,9977
13174,13170,10024,13168,13162,9976,10020,13172
25100,25362,25096,25095
38187,38185,38183,38186
32269,31869,32275,32277,32270
32250,32257,26521
22011,22016
1650,1644,1647,1659,1750,1654,1653,1657,1651
1649,1655,1660,1656,1658,1748,1746,1652,1646,1648,1645
37367,37361,37360,22113
29297,29237
29251,29250
199396,199499,199397
525421,198144
525302,198054,525316,198078,198073
68813,68820
20873,20822,20826
18204,18200
2199,2189,2204,2213,2197,2195
2194,2198,2191,2203,2188,2193
6242,6246,6196,6903,6874,6886,6889,6891,6913,6916,6914,6195,6240,6235,6224,6227,6238,6229,6234,6232
6875,6237,6236,6225,6226,6243,6239,6233,6244,6231,6241,6194,6871,6245,6873,6880,6882,6897,6894,6904,6890,6881,6918,6912
26994,26996,26997,26993,26990,26988,26992
39004,27047,39003
26998,27045
491508,151913,151910,151909,491507
18334,18333,18335
27658,27662
11404,11401,11387,11400,11402,11403,4634447747368365197
32050,32051
30846,30838,30860,30861,362445
31826,31828,31827
28203,28202
28198,28187,28199,28197
38463,38472
20142,20120
6601,6599,6603,6602
20053,6595,6596,6597,6598,6594,6551,6593
32755,32754
32889,32757,32887,32894
22612,22610,22611
32021,32022
32027,32115,32097,32041,32108,32106
9747,25463,25465,25464,9751,9804,9748,9745,9743,9746
207570,31050
24965,38235
10823,10818,10828,10842,10830
10832,10841,10846,10843,165546,10833,10831
10191,10196,10193,10200,10197
10128,10126,10127,4634447738778429334,10130
29042,29041,29040,29043
769,761
760,768
292992,292997
293073,293076,293094,4634435025675516133,293071,293070,293072
37948,23266,23268,37949,37873
22163,22179
6319,6314,6315,6260,4634430833787148429,6307,6294,6311,6262,5982,6259
6312,6313,6318,6316,6252,6290,6258,6253,6280,6295,5981
6340,6434,6429,6516,7159,6527,6523,6531,7161,7160,7163,6481,7171,7172,7166,7182,7208,7184,7207,7175
7180,7185,7209,7183,7173,7176,7174,6430,7162,7170,7164,6522,6529,6515,6482,6484,6517,6435,6339
26676,26673,26801
20097,20095,20107,20098,20138,20096
9573,9585
9586,4634452381638075748
31755,31754,31760,31759,31772,31757,31773
22043,22053
22276,22280,22285,22286
9247,9224,9221,9222,9225,9248,9252,9253,9251,9258,9259,9257
38500,38501
4634428115072866378,22605
29517,29538,29519,29515
33046,33044,33039,33045,33079
19322,19299,18316,18305,18302,18306
9036,9049
9050,9140,9137,9139,9142,9135
27624,29403,29405,29402
11169,11104,11102,11103,11118,11101
11106,168460,11105,11107,11119
32871,32872
7084,7082
6930,6928,6929,6939,6935,6934,6936,6937,7079,7080,7041,7077,6940
6931,7042,7076,6938,7081,7078,6927
23196,23194,23192
32897,32896,32902,32882,32895
5706,5707,5708,5712,5711,5692,5705
5696,5693,5695,5694
10158,10159,10157
20452,19580
286792,287043
24607,24632,24597
40503,40493,32174,40501,40498,40502
23049,22951,22950,22954
28676,28697,28694,28675
29898,29907
46001,4634446476058059235,46002
17955,18063,18039,17950
8050,8053,8054,8051,8028,8029,7603,8017,7600,8025,7597
7596,8026,8016,8024,7599,7602,8027
29396,29432,29400,29431,29427,29429,29428,29399,29397,29398,29385,29392,29395,29394,29391,29388,29387,29390,29386,29383
29434,29433
12104,4634448657901432654
12109,12103
44670,4634458304398004677
19613,19611,19588,19590,19595,19612,20505,19614,19636,20507
13485,32351,32350
25790,25860
37524,37522,37497,37491,37494,37498,37523
118821,121646
27133,27132
36753,36782
10313,10315
15897,15847
11035,11039,10996,10992,10994,4634432414335118084
4634432577543875329,11045,27348,11014,11043,11038,11013,11011,10993,10991,10995
11050,11041
10065,10189,26243,4634445501100468178,10195,4634445501100468176
23441,23462,23458
23466,23620
23465,23440,23439,23453,23618,23616
2257,2250,2255
22092,2256
19530,19528,19534,19532
28257,28268
29111,29122
3182,3148,3152
3151,3150,3147
24815,24867,24818,24813
5723,5698,5722,5724
37572,37558,37574
2375,2172,2328
482746,482742
144211,144222
144224,144214
28517,4634455980820688739,28512,28518
33504,32969
37263,37311
20146,20123
36470,20147,20133,36469
20121,20124
865,867,863
864,862,866
36992,37020
146063,25175
17651,17637,17648
24545,24546,24543,24555
39621,39626,39602,39534,39618
32152,32162
1215,1218,1216,1217,1224,1221,1223,1222,1219,1220,1226,1225,1250,1249,1251,1227,1213,1211,1212,1214
6025,71470
1451,1447,1442,1440,1445,1457,4634459859176134538,1462,1460,1464,1458,1455,1454
1289,1297,1294,1301,1298,1300,1317,1312,1306,1310,1308,1311,1314,1303,1291,1288,1290,1283,1286,1285,1282,1284,1292,1305,1313,1307,1309,1316,1315,1319,1302,1299,1304,1295,1296,1293
22012,22009
21746,21996,21747
29903,29908,29905
555,557,549,543,550,552
551,556,553,542,548,544
19266,67626,19267,19506,19278,19503,19268,19279,19274,19264,19276
18311,18315,18309
35444,4634459300830397641
12450,12446,12463,12455,12465
30066,30068
12466,12456,12457,12449,12448,12464
355372,355694,30018
27086,27085
337419,337405,337415
25382,25388,25384,25390,25389,25381,25380
9520,9521
9519,4634400124770985252
20467,20466
37854,37691
801,803,802
800,804
7431,7433,7432,7467,7466
13923,13936,13937,13935,13925,13938,13534,13533,13536,13535,13538,13539,13537,13921
48585,30374,30359,30373,30358
24413,24417
68668,68683,68667
68217,68672,68220,4634446128165751422
32442,32441
5677,5676
4235,4239,4250,4236,4252,4260,4253,4251,4261
12930,12928
18748,18750
15875,15869
30604,30603
9792,9749,9738,9739,9750
25125,25124,25126,25114
35450,35453
8476,23094,8477,23093,23112,23109,8475,8452,8448,8451,8449,8309,8443,8461,8454,8463
64239,18971
22923,22907
22700,22705
22718,22717
19362,22694,19370,19363,19368,19376,19347
32733,32692
20167,20104,20103,20106
48957,48933,48948
6263,6257
6122,6255,6123,6256,6254,6137,6126,6124,6127,6130,6134,6135,6136,6125,6138
6131,6104,6132
40584,40638,40641,40635,40583
19130,20013,19121,65822
32403,32307
29190,29187,29189
26135,26057,26108
37155,37154
19536,19545
28189,28185,4634464605115018787
28190,28186,28184,28188,28192
13378,13373,13374,13380,13379,40551,32218
25216,25221,25205,38441,38260,25198
28866,28868
13004,13002
22522,22486,22487
13072,11738,11740,11742,11747,11748,11743,11741,11739,11746
11744,11745
32279,32280
32369,32485,32370
1182,1177,1178,1185
1179,1184,1183
12206,12197,12199
3995,12182,12180,12183,12179
12178,12194,12181,12184,12196
12210,12207,12201,12203
33203,33580,33565,33194,33196,33189,33135,33118,33121,33131,33133,33132,33123,33130,33122,33120,33134,33137,33136,33138,33190,33112,4634420199448150364,33109,33110
6612,6631,6628,6610
37848,37849,296745
133490,8888
9234,8891,8859,8890,9236
5817,19263,5856,4634450036585941820,19255,19185,19254,19183,19253,19258,19257,19259,5816,5894,5892,5893,19312
21095,36981,21098,20991,20990,36982
27184,33275
298596,298603
12967,12962
4932,4884
9264,9260,9262,9263,9261,10304,9265,10307,10308,10305
3290,3229,3226,3228,3313
606,609,602,604
608,605,603,607
32726,32723,32873
4634463402524179087,31354,31393
16916,16950
37310,37307
28504,28491,28661,28662
24949,26728,38343
12512,12515
12474,12533,12535,12529,12528,12534,12532,12475,12488,12454,12473,12492,12491,12496,12506,12497,12493,12494,12498,12508,12507,4634454572071399645,12511,12510,12490,12495,12489
166504,10982,10981
4634432581838842567,10956,10953
10983,10976,10942,10987,10986,10980,10948,10957,4634447038698760904,4634432581838842563
1039,1037
4898,4895
4896,4881,4887,5114,4905,4872,4873,4871,5115,4902
25358,25359,25871
29882,29888
26499,32249,368309,26523
30097,30098
30100,4634452248494110101,30099
37023,38226,36991,21133,37019,36990,36988,36989
5873,5863,5860,5853,5850,5846,5961,5962,19314,19315,19317,5959,5845,5957,5848,5852,5876,5861,5862,5865
20088,20114,20115,84040,84039,20113,20090
33630,33265,231391
26833,26832,26835
11935,11936,11261,11258,11260,11264,11263,11934,27541,27540,27533
28261,28263
32187,32681,32213
49180,32199,32190
27396,27390,27389,4634460739644451586,27395,27388,27387,27393
33308,32469,33304,33317,33338,33335
33307,32471,33336,33311
3339,3333,3334,3516,3488,3484,3486,3347,3355,3354,3483,3494,3492,3501,3504,3495,3511,3507,3510,3513,3506,3515,3519,3518,3521,3575,3577,3581,3584,3578,3571,3573,3569,3528,3523,3527,3525,3531,3522
3487,3335,3348,3346,3482,3485,3353,3579,3574,3576,3572,3514,3493,3503,3502,3509,3505,3508,3512,3496,3491,3489,3490,3529,3530,3524,3520,3526,3517,3570,3582,3583,3580
25110,25112,25111
29300,29302,29305
11983,11987,11985,11984,11986,11982,11969,4634452278558863040,11979,4634452617861279428,11980,11970,11981
37224,38353,37222,37223
298276,298315
23253,23262,23247
5945,5904,5908,5929,5940,5925,5922,5901,6009,5953,6013,5949
23159,4634458377412419922,2677,2680,4634464360301857377,2676,2675,4634449796067756639,6029,6040,6351,8528,6041,6024
6014,6022
5905,5902,5903,5923,5909,5926,5942,5952,5946,6012,6008,5938
8224,116450
8223,8216,8219
23365,23352
18104,17957,18103,18109,5350,5352,5351,5388,5885,5402,5395,5398,5883,5365,5386,5374,5381,5372,5358,5356,5360,4634443654264526058
5385,5389,5387,5380,5355,5361,5373,5359,5377,5353,5401,5884,5406,5393,5396,5397,5394,4634444659286873360
135585,135590
25625,25627
38617,38605
18075,18073,18051,18127,18052,18125,18087,18085,18112,18090,18081,18116,18118,18086,18074,18089,18119,18123,18113,18093,18083,18091
5422,5454,5457,5441
20605,20609,20607,20608,20655,20610,20574,20584,20604,20581,20573
4233,4245
18977,18999
38458,38456,38455
25349,25601,25600,25604,25603
25617,25611,25621
2297,2291,2295
2293,2298,2296
16517,16513,16573,16524
10657,10656,10658,10655
10892,10890,4634433084350015996,10747,10749,10891
10736,10737,10722,10735,10725,10728,10727,10730,10734,10731,10733,10729,10723,10724,10720,10718,10719,10721
10740,10745,10741,10743,10742,10744,10739
321603,38832,38825
4634462088264164939,150019,9811,9801,9805
14096,13777,14092,13779,13770,13775,13773,13784,13785,14106,14099,14097,14105
40939,40944,40938
14094,14093,14098
14150,14107,14108,14110,33495,14151,14109
46601,46621
12271,12274,12265,12267,12268,12266,12270,29741,29649,12259,12260
12272,12340,12330,12277,12328,12329,12278,12273,12335,12331,12333,12332,12334,12336
11183,11185,4634451818997361581,4634451818997361579,11180,11176,11178,11177,11174,11172,11173,11175,11182,11150
7369,7359
7281,7284
7254,7261,7247,7249,7243,7266,7290,7287,7283,7288,7279,7289,7270,7241,7231
7244,7260,96680,7251,7253,7232,7269,7274,7242
277643,277381,277581,283420
29184,29161,29171,29191
37530,37535,289505
9481,9485,9482
25087,25094
103795,21578,21579,21608,21566
31348,31346
13143,13141
31799,31829,31831,31824,31840,31798
31844,31841
32970,32890
3751,3748,3745,3761,3746,3738
3737,3743,3722,3744,3747,3750
30790,30788
39394,28164,28163
8758,8756
8821,8824,8822,8823,8846
8825,8820,8826
8803,4634445874762621536,8805,8804,8801,8810,8809,8807
8799,8816,8817,8818,8815,4634457801886802534
309703,309693
16463,16466
32230,32221,32232
32225,32235,32234,32237,32236,32224
7857,7854,7859
11449,11436,11437,11433,11434,11432,11435,11485,11487,27812,11486,11484,11448
23913,23910,23912
30858,30845
30820,30839,30717,30815,30819,30844,4634462105444055162,4634461955120199803
22750,22753
39598,39599
59744,18201,18203,18208
22834,22831
37346,37331
2340,2394,2396,2342,2341,2336,2395,2339
37469,37471
13085,13083
13074,13062,13059,13061,13066,13060,13070,13071,13073
13064,13065,13080,13082,13081,13067,13084
9967,25638,9966
9964,9968
9965,9963
7405,36946,7404,7406
11852,11857,11860,11859,11856,11851,11902,11893,11897,11904
11892,11895,11894,11896,29092,11853,11903,11901,11854,11858,11855
5797,5799,5795,5796,5786,5790
33128,33125,33126,33129,33127,33139
545,525
30287,357755
27922,29149
3125,3127,3126,3104,3121,3113,3123
3124,3128,3105,3122,3115,3102
12605,12603,12609,12607
12596,12527,12525,12530,12547,12526,12598,12599,12615
21164,21166
21165,21179,21226,21163
39737,39739,39718,347552,29179,347553
37844,37855,37845,37841
8179,8208,8207
8183,8180,8182,8184,8185
26438,26444,26441,26434
38386,25064,38384,38383,38388,38387
2764,2748,2760,2803,2806,2779,4634465640202111735,2746
2752,2747,2802,2804,2778,2758
19791,19775,19787
36670,20645
30181,30180,30140
3067,3072,3069,3074,3542,3539,3535,3533,3015,3013,3537,3076,2981,2977,3020,3031,3018,3016,2994,2996,2992,3272,3278,2988,2989,3275,4634446115280784298,3270,3042,3038,3028
3274,3268,3271,3282,3269,3273,3279,3276,3066,2985,2971,2990,2987,3277,2993,2976,2982,4634446115280784295,2980,4634443534005439407,2975,2995,3019,3030,3017,3047,3041,3037,3036,4634458562096008152,4634443387976551381,3068,3070,3073,3532,3534,3014,3536,3075,3012,3540,3538,3541,3071
22428,22435,22433,22434,22416,22415,22432,22427
22451,22450,22452,22453,22455,22449,22454,22445,22446,22444,22437,22440,22442,22441,22439,22443
118734,118730,118735,118717,118714,118733
2435,2436
120719,120721
40571,40570,40589
25122,25106,25109
118708,118719,118709,118706
29455,29441,29447
29245,29241,29248
29244,28157,28150,28156,29238
27185,27183
18057,58748
29963,30021,29961
3100,3107,3101,3109,7846,7845,9369,3099
7569,27652,7566,7575
16132,16142
16128,16112
11323,11321,11322,11326,11324,11331,11329,11315,11312,11314,11330,11325
9500,9449,9497,9407,9445,9492
9452,9499,9491,9498,9444
27514,4634452115350121334
16416,16423
23386,23387
24516,24517,23398,23389,23395,23402,23399,24080,23385,24087
21186,21183,21187
4310,4301,4290,4306,4311,4313
4312,4314,4308,4289,4309,4300,4298
4302,13152
27050,27039
23824,23809,23811,23831
8853,8851,8832,8840,8838,8850,8852,8854
40585,369306
25861,25333,25862
21402,21404
3360,3359
27547,27606,27594
29785,39877,29442,29444
24702,24704,24754,24752,24758,24757,24703
24566,24568
37210,37202
29029,31974
29142,29157,29143,29140
25248,38464
32534,32535
32536,40651
22410,22417
12387,29936,12386
5311,5309,5308,5310,5349,5348
2572,2569,2573,2567,2659
2568,2570,2574,2661,2571
38247,38246
27164,27167
25543,25545,25544
16344,16343
3180,3356,3181,3179
3178,3176
26953,38965,26912,26934,26935,26931,26917,26932,26914,10503,26941
21122,21124,21987,21744,21743,21988
9532,9564,9536
9531,9530,9533
3361,3370,3369,3372,3371
11086,11065,11088,11067,11091,11087
2706,2668,2691,2673,2671,2694,2670
2698,2667,2672,2669,2692,2693,2674,2695,2665
23314,19964,19966,19962,23304,23299,4634415986085223187
11899,11890,12217,12215,12219,11888
11889,12221,12220,12216,12214,12218,11891,11898
2276,2278,2265
2267,2277
10908,10932
39651,28797
30057,30355,30047
32676,33373,32677,32675
24608,24606
25634,25631
26862,26861
26868,26863
6346,6358,6353,6362,6359,6046,6047,6035,5996,6002,5999,5989,5994,5919,6031,6349,6355,6360,6354,6044,6048,6045,6347,6050,6001,6033,6030,6000,5988,5914,5912,5987,5918,5995,5991,5998,5911
494,492,496,498
491,489,495,499,497,490,493
32355,31867,32341,31883
18196,18190
9018,9017,9065
9077,9096
29225,29218,29224,29227,29290
8626,23261,8649,8652,23295,8651,8648
91188,91469,91172
1873,1872,1742,1796,1791,1744,1871
1868,1890
91189,20678,20681,91472,91173
20845,20839
1835,1870
1793,1784,1798,1783
20679,20682,20673,20554,1790,1745,1795,20563,20555,20561
1781,1797,1773,1782,1792
1893,4634408770540144471,20835,1869,1876,1880,1875,1881,4634433384997717853,1743
37294,37296
37336,37334,37337,37335,37349,37350
6502,6508,6506,6497,6499,6385,6393,6380,6375,6384
6492,6501,6507,6505,6498,6490,6386,6378,6383,6373,6394
29264,29284,29542
22543,8205,4634452119645069324,22540,22554,22546,8206,22544,22478,22479,22480,22542
23036,23035,23019
27342,27349,27346
30090,30092
17578,17579,17577
3133,3129,3131
3132,3138,3130
2391,2380
2381,2379,2390,2416,2384
21181,20650,20658,272169
257288,257271
32312,32292,32310,32320,13475,32321,32313
21134,277590
314583,25277,25271,38485
23355,23354,23361
28319,28325,28322,28785,28783,39653,39654
28312,28310
37432,37430
2451,2454
2453,2452
22469,22572
14044,14043,14047
11594,11604,11476,11483,11480,11478,11481,11473
11595,11477,11580,11482,11474,11475,11605
19766,19765,19757,19761,19783,19767
37479,37466
35778,5688
65123,65126
38641,38639,38640
31911,31907,31913
28009,28004
12263,12246
13016,4196,13010,4200,4199,13005,4173,4189,4193,4191,4169,4170,4072,4062,4070,4065,4067,4152,4151,4157,4154,4162,4164,4159,4165,4059,4061,4056,4009,4010,4007,4053,4058,12251,12264
38522,38516,38524,38523
38510,38513,38512
26853,26929,26930,26926,26836
32767,32764,32686,32766,32768,32760,40767,32769
28798,28813,28782
29439,29446
5898,5895
9327,9326
18617,18618,18615,18601,18603
33015,33027,33014,32911,32909,32912,33013
32625,32624
32447,32456,32467,32465,4634452347278360256,32473
270,273,271
266,265
30022,30016
25030,25026,25027,25033
25032,25031,25034,25028
9760,9759,9770,9764,9767,9771
27692,27647,27661,27696,4634437692849941502
44858,44855
8997,8999,8998,9005,8994,8996,8992
13281,13285
36927,36929
369481,369489
11544,11543
11558,11559,11554,11545
25651,25650,25714,25715
12993,12995,12997,12994,12903,12891,12890,12902,12883,12874,12885
12869,30731,29927,12865,30733,30735,30732,12873,12889,12886,12898,12906,12893,12996,12884
4634457866311316428,13254,11915,13257,11907,13259,32129,32134,13262
11908,13256,11913,13255,29126,29123,13261,13267,13258
25080,25088,25051,22102,25047,25053
9840,9845,9844
3729,3732,3704,3705,4634448202634890869,3718,3720,3702,3703,3741,3734
3752,3735,3733,4634448434563124891,3742,4634448468922863260,4634448112440577673,4634448095260708487,3706,3736,3749,3756,3731
32905,32900
22459,22457,37582,37506
31186,31055,31056
377878,377906
793,789,791,796,794
788,792,797,795,790
37293,37314
23120,23121,23106,23119,23114
22178,22176,22185,22180
9098,9103,9153,9114,9101
9172,9178,9175
9149,9148,9151,9170,9152,9154,9181,9171,9176,9150
33638,33184,33627
27975,27977
37301,22080
18640,18639,18638
18641,18642
24831,24834,24832
27028,27025,27009
27140,27154,27141,27147
2153,2163,2159,4634437439446845543
2152,2162,2158,2149,2150
25431,25430
32089,32083
6269,6276
6282,6279,6281,6287
6288,6286
6273,6271
6265,6266,6154,6139,6155,6199,6197,6145,6148,6142,4634450311463835653,6146,6143,6144,6152,6151,6153,6150,6140,6305,6303,6304,6141,6147,6264
1073,1076
1074,1075
29950,29962,29948
26530,26532,26555,26554
2620,2635,2618,2648,2633,2647,2640,2642,2637,2643,2636,2632,2626,2838,2835,2628,2625,2622,2624,2631
2621,2627,2623,2837,2840,2839,2630,2836,2834,2629,2639,2617,2634,2638,2619,2641
36954,36969,36955
33355,33378
611,620
621,618,619,610
6433,6369,6396,6479,6437,6431
6436,6478,6485,6370,6432,6438
756,759,757
33643,33656,33658,33644,33633,33634,375708,33218,33625,33144,33176,33036,33102,33101,33035,33143,33034,33632
12517,12523
12524,12519
20697,20675,20677,20693,20676,20674
32443,32462
32183,32154,32171,32160,32173,32172,32185,32184,40737
26886,26857
10300,10282,10302,10301
17448,17608
371029,32503,32509,32504,32493
5587,5589,5588,5585
5573,5571,5586,5572,5582,5581
19782,19778,19781,19758,19760,19759,19762,19889,19893,19910,19915,19900,19892
13109,13077,13103,13087,13055,9841,13075
13110,13054,9842,13063,13102,13076,13088,13058,13108
343696,39628
20324,20327
24228,24279,24298,24268,24276,24280
32964,32938,32950,32967
730,735,740,737,734
739,741,736,733,738
24205,9039
2937,3117,24208
25354,25351
26597,26598,26264,26265,26268,26269,26267,26595,26259
8986,9038,9000,8983,9002,9003,9037,7427,7853,7840,7844,7841,9040
30906,30779,30776,30898,30907
38571,38576
28493,28499,28495,28496,28497,28494
30792,30789
29732,29714
29715,29731
25056,25068,25057,24962,24983
22411,22420
25777,4634464798388544677
25009,9411,24327
9409,9410
38139,24047,38143
24045,304165,38140,38137
4634447639994179077,7731,7689,7783,7684
4634447639994179079,7776,7688,7706,7690,7735,7686
4634443379386622026,8281,8277,8265,8284,8283,6027,6020,6015,8252,22641,22644,22636,22637,22642,22634,22643,8255,22640,8253,8259,8263,4634449778887893061,8278,8285,8280,8267,6017,6028,6021,6023,6016,8282,8256,8262,8260,8254,8264
21084,21086,20970
350797,39780,39781
24323,24331
25442,25446,25447,25445,25441
6945,6946
20542,20540,20541,20544
27151,4634432388565330439
4634435188884026130,24453,45843
3248,3238,3250,3235,3256,3255,3260
3258,3259,3254,3249,3257,3236,3239
3377,3264,3376,4634448812520246579,3381,3380,3383,3382
3375,3384,3378,3265,3263,3374
22088,107069,37325,22093
28234,28298
167739,167794
27496,27490,27492,27499
10513,10510,10514
31896,31747
1052,1040,1044,1045,1042,1050
1051,1053,1047,1043,1041,1046
11345,11357,11358,11347,11344,27592,11335
20130,20129,20134,20131,20132,20577,20579,20580,20578,20575
28752,28755,28239,28240,28317,28241
3394,3397,3400,3398,3395
24386,24107,24105,24108,24391
16628,16626,16613,16627
22549,39590,39589,22558
12782,12737,12780,12107,12759,12750,998,12748
12108,12738,12764,12751,12760,12783,12781
12399,12404,12403,12400,12431,12423
6774,6773
9800,9810,9809,9808,9798
683,672
33652,33268,33654
29590,29369,29372,29371
30415,30409,30414
30116,30119,30117,30118,30208,30115,30112,30114,30081
33296,33299
12227,12230,11910,12233,12232,12231,12225,11906,11909,12238,12228,12229
27973,27963
26660,324450
324442,324443
324448,324452,324456
28301,28297
327380,26979
320505,25729,25730,320532
7872,2202,2253
7873,7831,2254
7875,7874,7903,7877,7905,7906,7904,7907,7876,7910,7909,7911,7908
38517,38518
1171,1169,1173,1175
1174,1172,1176,1168,1170
33620,33612,4634446557662446419,14227,33618
21381,37084
20493,20495,20043,20473
3295,3293,3297,3473,3475,3472,3305,3303,3470,3310
3296,3294,3471,3474,3304,3311,3306,3309
118596,118598
10632,10637,10642,10636
